94 83.1682 90.281
77 85.8699 84.3711
89 85.746 77.8584
110 86.5716 70.4263
116 83.6444 68.3046
109 82.5368 66.8747
108 84.9983 70.1812
101 84.1107 74.0568
100 82.4798 78.4977
110 86.1275 79.9887
109 89.2782 85.3009
99 96.2784 95.7
99 106.188 106.237
109 107.595 109.069
103 108.356 113.438
107 114.288 117.401
107 114.369 116.241
106 113.225 114.099
121 121.12 116.04
111 124.984 120.589
123 130.811 128.68
142 132.137 134.398
145 141.705 140.17
151 145.299 144.892
163 148.643 136.575
172 146.679 122.853
171 139.36 111.521
176 128.402 100.727
178 127.178 100.194
170 126.055 103.608
181 130.216 107.723
170 135.198 112.367
174 137.212 115.754
136 119.289 112.511
31 90.3044 75.0296
18 80.9568 50.7992
20 56.0637 40.0167
42 51.1968 40.4089
85 83.3617 70.9188
111 106.564 96.7654
93 105.533 103.192
66 80.5485 83.0293
38 48.8435 56.6357
32 31.26 48.443
22 27.0257 28.9876
22 24.4443 25.8223
22 22.3323 26.501
19 21.0833 27.7972
33 24.803 29.0959
26 25.8593 30.2645
31 26.539 32.176
37 30.4325 36.9908
48 30.9813 40.1645
46 28.2722 45.2945
44 23.7933 56.5545
58 25.9254 57.6639
45 31.4141 45.3826
45 29.8796 55.4054
52 32.8235 65.1448
37 51.0683 83.5348
47 68.0036 109.644
82 83.7287 126.627
105 107.602 138.127
112 114.383 144.345
134 121.173 145.666
117 113.859 125.903
65 107.544 102.06
65 83.9089 90.0293
75 72.3123 87.6394
71 88.52 91.8323
64 70.8082 86.4345
62 74.083 92.0165
65 76.9046 100.783
75 81.1305 111.407
113 86.9116 113.172
136 102.594 112.81
131 96.5023 111.442
123 100.853 114.668
121 103.747 118.793
116 107.217 120.602
110 110.3 122.411
121 111.083 124.574
115 114.5 128.719
123 124.034 135.247
143 133.194 145.614
151 154.903 158.14
160 156.774 159.309
14 26.5298 19.996
14 27.3032 20.7797
10 27.0333 18.8587
15 23.6921 19.5707
18 27.622 21.2258
19 28.8298 22.3264
18 26.3082 21.3981
16 24.0414 19.5656
20.8 24.1823 21.8914
25.6 24.3232 24.2172
30.4 24.4641 26.543
35.2 24.6049 28.8689
40 26.2753 30.8716
45 35.9873 35.4449
40 45.4873 43.7846
46 50.7119 53.1986
58 54.5862 62.2707
77 60.1221 61.4778
80 60.6367 55.7704
46 58.9144 46.1192
38 57.2658 42.9965
33 50.4887 41.5297
33 44.9832 39.4304
36 42.274 40.324
32 45.742 41.0228
33 47.8033 41.4562
34 47.1507 42.3324
38 49.2288 44.9425
31 51.1755 45.6336
39 55.4549 50.5774
52 58.7311 56.1016
51 58.957 65.0922
52 61.1938 69.9843
58 64.9371 70.344
57 68.466 70.0663
62 70.3932 70.9346
64 68.3843 70.4369
63 71.6222 71.5405
63 73.88 72.4519
66 75.2652 74.8317
73 80.4258 80.6263
83 93.727 90.8814
85 101.517 99.1879
101 109.191 104.38
95 112.176 107.373
101 111.505 112.23
107 111.931 116.419
102 115.032 121.102
94 114.4 122.946
90 116.6 125.347
88 114.192 125.877
58 102.58 121.968
12 70.6391 91.4772
20 48.4781 49.3145
25 36.8677 27.7464
30 29.9346 23.6794
29 26.1595 25.9005
31 28.8838 27.5343
22 26.0273 23.9629
19 26.0904 22.5434
24 23.1167 21.8961
26 20.4557 20.6123
24 19.5468 19.3147
16 18.6534 17.9572
18 18.34 17.197
18 18.9745 18.3892
17 21.168 20.1287
25 21.7845 22.3699
17 21.4615 21.5413
17 20.5521 20.6055
16 18.751 18.1551
16 18.178 17.4301
18 17.1808 16.2483
16 17.6754 17.3606
14 15.9215 15.5609
13 14.1143 14.761
12 14.4061 14.1694
14 16.5135 16.5225
13 15.9771 16.4257
17 16.0749 15.84
18 15.8197 16.1999
12 17.0916 15.8803
8 17.9024 15.3489
20 18.5887 17.5529
18 17.3825 17.544
19 18.2361 18.5317
21 20.1859 20.7182
189 153.711 179.939
194 162.004 186.949
187 175.552 198.413
179 169.839 188.355
153 139.791 153.867
137 125.99 131.541
109 120.642 118.696
105 117.594 114.903
108.65 120.262 116.479
112.3 122.93 118.055
115.95 125.598 119.631
119.6 128.266 121.207
123.25 130.934 122.783
126.9 133.602 124.359
130.55 136.27 125.934
134.2 138.938 127.51
137.85 141.606 129.086
141.5 144.274 130.662
145.15 146.942 132.238
148.8 149.61 133.814
152.45 152.278 135.39
156.1 154.946 136.966
159.75 157.614 138.542
163.4 160.282 140.118
167.05 162.95 141.693
170.7 165.618 143.269
174.35 168.286 144.845
178 170.954 146.421
144 144.841 134.537
96 130.828 118.776
117 123.009 102.73
114 99.5283 91.0541
91 84.2828 84.5884
39 69.4593 80.7964
42 56.4275 89.4326
30 62.5697 98.0655
41 66.0885 92.1816
45 46.9012 64.2284
35 27.8894 26.9132
15 15.5591 15.5247
15 18.1212 14.4547
25 19.9637 15.3189
18 16.3171 15.8722
8 13.697 13.1404
10 12.3151 10.5656
7 13.2393 10.8743
5 12.6979 11.4954
8 15.6357 12.2176
6 13.4084 11.1256
6 13.2322 11.0131
6 13.6541 12.1152
9 12.0521 13.0341
5 12.5439 12.538
7 15.7578 15.0828
17 15.5014 16.563
14 16.3135 17.7456
11 14.6724 14.4207
17 14.6712 14.5015
12 13.967 14.2534
10 12.7364 12.8882
11 11.8851 11.5393
12 10.9881 10.9664
12 11.8033 11.768
10 12.3198 11.4527
7 11.8847 11.0662
14 11.669 11.3846
13 15.1929 15.3424
11 15.0883 14.5297
15 14.9648 14.4155
9 15.3808 15.3866
17 16.6427 17.0471
16 17.1907 19.209
17 20.4046 22.3212
24 23.0279 23.4716
21 22.9793 25.8264
28 27.4686 28.5164
16 27.9631 32.2172
36 29.9904 35.9122
29 29.9403 31.5494
32.5 32.3984 34.3067
36 34.8566 37.064
32 41.8925 41.3064
31 41.4952 41.4677
39 46.3906 45.8352
37 50.2249 48.8736
100 56.876 54.3756
75 58.2232 58.2333
72 57.9818 59.5957
63 56.5688 60.5459
56 55.8156 62.5204
52 54.7541 63.166
58 57.0697 65.3308
61 52.6932 64.8439
59 54.5492 66.8987
46 55.6106 69.3824
69 67.2141 69.3151
84 63.7294 66.803
75 60.0655 60.8437
60 49.0357 51.1186
62 41.0666 49.3784
38 29.8525 45.8299
49 33.2261 45.9762
38 35.6092 43.527
32 38.6993 43.997
34 39.711 44.2903
37 45.6304 48.0964
44 45.1303 47.3959
41 50.7051 50.5646
60 55.6929 54.6618
58 61.1586 56.5702
59 62.9972 58.7961
67 62.1905 60.9948
71 68.7776 68.9836
66 63.9212 67.6314
64 64.9707 72.476
64 67.1668 75.1322
54 67.0863 77.6547
60 68.9831 80.2123
56 67.2787 83.1244
64 78.0314 95.6729
108 90.6787 107.131
103 98.669 115.971
109 104.252 124.148
119 110.475 127.218
129 119.762 130.017
130 129.507 137.376
144 132.885 136.405
168 141.114 138.778
174 154.727 141.454
217 209.39 173.6
311 180.894 231.893
234 110.578 138.994
157 79.2342 95.2768
80 81.1462 89.8616
101 80.7194 95.9284
122 90.9242 95.5765
93 87.806 92.9265
53 57.666 66.6468
36 29.186 38.0109
25 18.3825 30.8597
16 15.3738 23.2078
15 13.9916 29.9342
18 12.3662 21.2666
9 10.3811 12.7219
3 10.7998 12.7865
19 12.7884 13.6352
3 8.01069 11.1879
4 8.57157 12.5057
17 5.27633 13.2162
13 6.99026 16.7279
4 5.74328 23.1513
12 10.3075 22.0102
3 13.5881 21.5857
25 16.8158 24.384
18 25.2852 30.5868
33 37.6318 38.9944
34.5384615384615 39.1376 40.7475
36.0769230769231 40.6435 42.5007
37.6153846153846 42.1493 44.2539
39.1538461538462 43.6551 46.007
40.6923076923077 45.161 47.7602
42.2307692307692 46.6668 49.5134
43.7692307692308 48.1726 51.2666
45.3076923076923 49.6784 53.0197
46.8461538461538 51.1843 54.7729
48.3846153846154 52.6901 56.5261
49.9230769230769 54.1959 58.2792
51.4615384615385 55.7018 60.0324
53 57.2076 61.7856
76 61.8471 67.1764
60 65.8216 70.9875
66 68.5567 76.8039
74 70.447 77.9325
69 73.0131 78.6051
59 78.882 78.4834
55 75.9 81.1754
63 73.1232 82.2627
47 71.696 84.1457
58 89.2515 88.7361
71 123.159 114.428
76 119.338 117.542
76 110.822 128.559
93 97.27 115.544
114 94.8186 115.033
81 101.019 116.054
85 103.956 114.737
93 99.561 114.101
85 104.258 115.637
84 103.904 113.626
87 104.77 120.216
90 105.412 123.505
107 124.275 147.302
117 130.149 151.341
146 140.331 167.359
253 143.28 173.975
252 163.905 178.532
199 141.975 168.08
187 128.302 165.47
165 127.454 157.797
147 121.537 156.558
148 115.649 153.098
132 103.515 143.67
96 115.976 133.878
39 98.7757 107.96
64 89.5002 99.6079
49 78.9827 99.9578
48 70.6036 104.806
38 72.3773 101.609
37 68.3208 98.8366
38 71.0145 96.4538
36 64.6703 87.819
40 60.0074 82.8515
32 58.3817 70.1561
30 55.9786 63.008
24 60.4298 56.7442
49 45.8598 49.8622
32 42.8352 45.1995
28 54.3027 48.6512
40 50.7569 47.2409
20 44.4499 46.591
48 33.4836 56.0267
25 32.8232 50.2765
54 28.8121 45.8349
40 43.3788 46.6942
26 58.7739 47.9943
35 67.8934 76.3975
69 66.3697 81.0033
92 75.6894 80.6903
108 81.7494 78.3382
100 79.1931 75.4145
96 76.865 74.133
92 74.5368 72.8516
88 72.2087 71.5701
84 69.8805 70.2886
80 67.5524 69.0071
76 65.2243 67.7257
72 62.8961 66.4442
68 60.568 65.1627
64 58.2398 63.8813
60 55.9117 62.5998
56 53.5835 61.3183
52 49.9061 53.0752
43 28.7649 31.2213
14 18.824 28.4824
20 28.4467 36.8724
18 30.5094 34.5895
21 32.7328 38.8617
47 47.1934 44.815
39 42.7807 51.5577
42 51.8214 59.3123
40 85.2173 76.767
63 87.5256 97.4558
70 83.3535 107.556
60 83.2051 95.1127
79 83.2453 87.1782
72 86.538 82.6893
61 79.7996 73.7216
74 75.4621 67.0299
68 85.7705 72.366
64 77.4469 69.4352
68 85.8592 75.998
39 41.3876 44.514
27 43.7135 47.2549
32 51.4443 52.4791
47 50.6274 52.5532
37 44.7601 46.2792
44 32.4272 34.8388
30 20.7889 22.2774
23 17.6087 18.5442
19 12.1398 13.0246
23 14.4277 14.9354
13 11.289 11.7754
14 12.721 12.8729
9 14.2201 14.6979
16 19.5624 20.0545
26 26.654 26.0864
31 30.1576 31.2667
26 37.9524 38.472
25 36.3511 37.0796
28 38.3773 39.178
32 39.6393 42.8697
54 46.9844 51.5535
66 59.5901 67.6804
91 73.3891 77.3967
89 79.4352 76.951
75 79.6706 74.8135
72 73.9709 71.8758
68 80.7346 75.8073
83 79.8776 74.4931
81 72.6441 69.5099
64 71.8969 69.8189
60 66.2118 65.9138
68 67.4326 67.3597
61 65.4349 65.1324
68 64.1548 64.7988
61 62.6222 63.5091
64 67.7646 69.4923
78 74.4595 75.8655
80 83.2691 84.9947
82 95.0501 98.1991
97 106.758 109.479
114 119.376 121.58
121 130.867 135.87
127 133.166 133.82
144 132.062 131.905
144 129.883 126.386
131 131.676 129.088
140 126.657 121.816
137 123.36 116.313
133 124.944 121.141
126 132.04 128.691
123 133.602 129.183
141 139.351 133.837
126 146.906 142.618
137 145.053 143.233
144 150.079 148.424
143 152.62 153.83
155 153.092 157.055
101 138.059 130.023
85 124.756 116.351
87 113.152 106.531
85 104.799 100.213
88 107.324 105.679
98 116.658 117.928
99 122.859 123.261
103 121.801 117.515
123 116.846 110.736
125 115.786 110.007
117 112.047 106.751
114 113.968 109.283
118 115.844 110.912
124 117.283 112.162
119 120.687 116.24
127 123.513 120.181
123 133.511 128.529
128 139.259 136.228
139 146.521 143.931
132 152.285 151.22
143 153.913 153.713
147 146.27 141.885
109 133.39 122.778
75 120.084 112.946
65 105.432 100.39
64 86.8182 84.0224
58 74.377 70.6751
71 75.2648 73.495
99 81.7581 82.0199
89 97.2207 103.696
156 168.36 168.117
166 171.604 171.388
172 188.141 187.389
170 192.553 188.897
183 186.983 181.699
183 184.001 177.468
178 186.498 179.821
178 188.745 182.963
171 194.057 188.354
182 198 193.698
197 198.514 191.227
212 195.6 186.231
215 190.365 180.402
195 180.876 172.5
172 180.106 175.584
174 183.931 181.762
187 182.79 177.91
185 178.875 169.398
176 180.485 171.733
170 182.964 176.135
156 185.733 178.769
160 182.212 174.463
163 177.715 171.267
158 163.254 157.149
143 152.983 149.247
145 155.499 148.24
156 138.224 131.176
147 123.963 117.838
138.333333333333 117.476 111.182
129.666666666667 110.891 104.339
121 104.5 97.8707
112.333333333333 98.0513 91.2901
103.666666666667 91.7377 84.9724
95 89.5216 83.0959
86.3333333333333 89.4765 82.81
77.6666666666667 89.6248 82.8998
69 92.1275 86.089
94 94.575 88.3729
101 93.8477 88.0746
103 93.3414 88.914
98 90.6991 88.6177
101 84.8202 84.1997
76 76.2747 74.3103
70 70.4063 66.8852
73 65.9283 64.4133
44 70.2706 70.5654
49 66.0842 65.1035
50.5 48.3032 44.4961
52 44.8549 40.5655
43 44.2311 40.7379
29 40.3916 37.992
36 40.2161 38.1249
32 39.5135 38.0982
33 37.7333 36.345
49 38.4892 36.6184
37 42.6197 39.5392
42 42.4807 40.4946
29 49.7534 47.0567
44 49.3337 48.215
32 47.748 46.0407
35 46.5565 44.1837
33 44.2295 42.3473
42 43.7215 42.5238
45 44.2863 42.7865
33 46.008 44.1866
37 46.8367 45.9269
32 46.15 46.1473
37 45.6145 45.0352
47 49.4199 51.1241
48 45.9376 47.9574
44 42.0833 43.5411
39 32.6338 34.7479
17 28.6137 30.2881
21 27.0088 26.8053
32 24.5686 24.5874
32 26.7955 26.9005
29 30.4261 30.5599
25 33.1093 33.4722
13 32.1066 32.8435
13 23.6633 23.4761
10 17.1252 16.2583
7 15.8054 14.5369
11 14.6631 11.6581
11 14.0998 11.2082
3 13.3899 9.72751
8.5 11.3047 7.81997
14 10.8028 7.58079
13 10.4757 7.80872
10 11.9469 9.28206
11 11.0343 7.67892
12 11.3317 9.65057
6 13.6212 10.9969
4 14.6752 12.0081
24 17.0986 15.0684
3 17.5711 15.7021
11 19.9028 18.9295
19 22.2345 22.1568
27 24.5663 25.3842
35 26.898 28.6115
43 29.9539 31.7953
42 35.7265 35.4408
43 42.2099 41.4427
48 48.9092 49.8654
72 59.6059 62.6778
80 66.2906 66.7085
67 66.1064 63.9427
45 58.5269 53.0967
37 53.4915 47.4763
30 47.3851 43.5877
33 41.5482 39.1789
35 41.3813 40.5026
29 43.3292 41.3031
39 45.0823 42.3704
44 44.3551 42.2811
45 46.4056 44.5532
49 46.9919 44.6158
44 51.9285 49.8166
44 55.9687 54.7898
54 59.5596 62.0109
58 63.4183 66.9621
73 64.671 66.815
64 67.9937 68.5434
65 70.1694 70.2729
62 70.5248 71.2443
67 71.0742 70.9181
75 72.2435 71.5315
72 74.1958 73.8917
78 79.1849 79.1348
75 90.9414 89.6091
77 95.4875 94.372
94 102.729 100.575
97 104.713 102.56
95 107.254 107.385
96 108.805 110.496
106 112.635 114.97
112 111.882 115.248
108 109.233 112.706
109 106.778 111.492
49 94.9429 102.872
15 57.3787 66.0257
20 28.6468 29.0315
20 17.5034 13.7586
24 21.7904 19.1822
23 26.6019 26.4453
31 28.9895 28.374
22 23.6219 22.727
16 23.3829 21.8741
28 22.6702 22.1231
18 21.0355 21.0563
20 18.2191 18.0972
17 18.1659 17.8406
16 17.6802 17.1727
14 19.5366 19.2536
21 21.4399 20.966
27 23.1686 23.3643
20 21.606 21.5994
15 20.281 20.2668
22 18.0209 17.7401
14 17.9287 17.5877
18 16.5675 16.1541
18 18.1776 18.0136
18 15.2906 15.1146
11 14.1314 14.3729
15 14.129 14.0091
13 16.5383 16.5101
15 16.1934 16.3483
16 15.7951 15.6676
15 16.3038 16.4328
18 17.1886 16.655
20 16.3875 15.3023
20 18.1454 17.6876
13 17.3297 17.3679
16 17.408 17.5006
17 21.0363 21.2149
207 158.811 169.456
197 166.46 176.556
212 178.216 187.43
174 170.017 177.439
167 141.621 147.222
146 124.358 126.458
113 114.935 113.951
98 108.326 107.058
101.6 110.712 108.984
105.2 113.098 110.91
108.8 115.483 112.837
112.4 117.869 114.763
116 120.255 116.69
119.6 122.641 118.616
123.2 125.027 120.543
126.8 127.413 122.469
130.4 129.799 124.395
134 132.185 126.322
137.6 134.57 128.248
141.2 136.956 130.175
144.8 139.342 132.101
148.4 141.728 134.027
152 144.114 135.954
155.6 146.5 137.88
159.2 148.886 139.807
162.8 151.272 141.733
166.4 153.658 143.66
170 156.043 145.586
129 135.965 131.459
133 124.963 119.741
135 114.448 105.822
95 95.532 91.8414
78 78.0636 78.0835
40 61.5525 66.2133
46 63.999 77.6342
65 71.4382 86.0946
68 67.1256 77.8998
34 40.8616 48.0513
5 16.9785 16.5873
12 15.6581 15.6199
20 19.3839 17.8159
14 19.9911 18.0166
16 17.8011 17.5736
11 13.6846 13.4239
10 12.2196 11.465
10 13.3466 12.3328
6 13.526 12.994
8 14.052 12.6068
10 12.368 11.3942
9 12.5047 11.5557
3 13.2801 12.6124
8 10.9898 11.382
12 12.7086 12.6791
8 14.9484 14.6403
17 15.8224 16.2356
21 15.9487 16.5184
12 13.8549 13.7283
17 13.5635 13.4723
10 12.9384 13.0408
15 11.5444 11.5915
13 10.907 10.7492
6 10.4384 10.4135
8 11.3832 11.3496
6 11.3519 10.9737
15 11.0358 10.6785
12 10.8717 10.7375
14 14.9555 14.9913
3 14.0731 13.8207
10 13.8108 13.5615
18 14.4182 14.3982
12 15.8825 16.0276
13 18.2726 19.0789
17 20.8328 21.595
25 22.3701 22.5163
25 24.2494 25.39
22 27.0254 27.4192
30 30.6427 32.3509
20 32.196 34.6001
19 27.847 28.4753
25 29.5542 30.3082
31 31.2614 32.1411
33 33.7668 33.499
38 36.4703 36.4161
40 42.9287 42.6364
39 45.5876 44.9627
45 51.4361 50.323
46 53.0039 52.9357
46 53.4356 54.0431
34 53.199 54.8037
39 52.7187 55.4827
37 51.3064 54.7996
33 53.8547 57.2793
38 50.2577 55.3384
36 50.9102 56.0787
47 52.7292 58.4966
53 54.1029 54.9513
65 55.9623 57.1955
68 51.8717 52.1429
59 43.8011 44.6239
59 39.5482 43.0092
65 36.5141 43.212
60 35.4735 40.8154
47 35.386 38.6869
34 39.4113 41.5896
38 41.0946 42.9607
41 47.286 48.2419
38 48.2534 49.1193
28 51.3285 51.1747
23 55.0373 54.5036
32 57.9144 55.8761
40 58.1989 56.3337
52 57.6281 57.0338
32 65.1429 65.1247
47 59.2181 60.7068
47 61.4602 64.5582
56 61.8089 65.1028
51 62.5912 66.9829
66 63.6266 68.2972
72 63.8072 70.4394
59 75.7925 83.162
97 87.2804 94.1279
109 97.4724 104.655
115 107.701 115.944
129 112.794 119.696
125 123.039 127.169
140 135.152 138.23
153 135.68 136.928
139 138.523 137.3
133 146.586 140.718
169 219.011 203.388
188 193.255 214.514
73 94.4399 106.407
105 86.6915 93.3251
98.75 83.1254 86.6766
92.5 89.4006 95.6771
86.25 88.343 90.1801
80 81.67 83.7288
58 53.0932 56.8372
22 30.6212 34.3159
16 24.4385 29.6918
11 19.2678 22.5606
11 28.6221 35.3395
5 20.7039 24.444
6 11.428 12.4059
14 9.56198 10.3969
4 11.619 11.9667
4 9.19161 10.5283
17 10.4944 12.1463
8 9.8065 13.154
9 12.0222 16.1412
3 15.8654 23.1964
3 15.4508 20.3746
7 16.4114 19.7599
10 18.4499 21.6174
21 23.3529 25.5664
30 27.0927 27.6605
38.3333333333333 29.2196 29.8863
46.6666666666667 31.3465 32.1121
55 33.4734 34.338
63.3333333333333 35.6003 36.5638
71.6666666666667 37.7272 38.7897
80 39.8541 41.0155
88.3333333333333 41.9809 43.2413
96.6666666666667 44.1078 45.4672
105 46.2347 47.693
113.333333333333 48.3616 49.9189
121.666666666667 50.4885 52.1447
130 52.6154 54.3705
138.333333333333 54.7423 56.5964
146.666666666667 57.213 59.3872
155 61.2548 63.3531
106 64.9546 68.3513
82 65.5412 68.6352
60 68.8368 71.1116
38 47.8748 48.81
46 51.445 52.5043
55 57.8861 58.1956
58 57.5181 58.0941
41 50.2868 50.7412
35 38.0774 38.7988
30 23.4989 23.9442
22 18.7465 19.0263
24 13.3945 13.6592
18 15.0983 15.2502
13 12.3987 12.5442
11 13.4754 13.5209
16 15.6166 15.7595
23 21.405 21.5521
37 28.4951 28.3253
41 33.7435 34.0753
49 41.4734 41.6288
50 40.9965 41.2144
23 43.7281 43.9676
40 47.3437 48.3099
40 56.1711 57.5378
61 71.4489 73.8688
80 81.3122 82.5109
91 81.9909 81.2478
77 79.6818 78.2289
73 75.6791 75.0524
61 80.1013 78.6275
69 79.2014 77.5907
80 73.6067 72.6692
69 73.8454 73.2238
68 70.0315 69.9423
76 71.4461 71.4243
75 69.5403 69.4498
63 69.7472 69.9399
67 68.5557 68.8209
73.5 74.4195 74.9363
80 81.1312 81.5518
89 91.2244 91.7406
117 104.869 105.811
129 117.203 118.017
149 130.048 130.707
155 143.121 144.618
163 142.256 142.452
162 139.928 139.88
154 134.571 133.525
157 136.856 136.082
138 130.025 128.577
128 124.456 122.348
119 128.517 127.379
124 136.469 135.467
136 138.032 136.71
141 143.253 141.604
134 152.022 150.74
142 152.64 152.095
143 158.922 158.571
159 163.55 163.865
148 164.212 165.165
95 135.913 134.071
87 121.36 119.432
84 111.804 110.291
84 106.079 105.033
104 111.425 111.063
118 124.11 124.427
127 128.994 129.101
142 122.735 121.749
139 116.288 114.884
124 116.087 114.762
118 113.104 111.89
120 115.728 114.655
124 117.841 116.711
128 119.525 118.353
129 123.335 122.319
128 127.464 126.706
130 136.609 135.475
133 144.306 143.621
139 153.071 152.489
146 159.308 159.081
148 159.83 159.799
155 146.538 145.533
91 127.92 125.469
78 116.428 114.787
74 103.186 102.029
64 87.5093 86.8684
62 75.4103 74.5665
82 79.5277 79.1337
104 87.3116 87.388
92 106.383 107.902
69 98.0913 99.1974
69 93.9989 93.7195
70 88.2056 86.9001
70 81.0164 78.3847
71 78.6838 76.183
65 77.0454 74.4922
65 79.9313 77.5147
71 82.0718 80.4236
79 85.0017 84.3311
84 85.8761 84.8605
88 90.1077 89.4437
94 101.465 101.347
91 112.017 111.999
102 114.573 114.784
107 118.214 119.005
117 123.403 123.875
112 123.393 123.66
119 123.614 123.71
119 125.767 124.903
132 130.296 129.545
143 137.184 136.805
148 143.788 144.119
159 151.207 150.92
163 158.751 158.643
162 156.029 154.023
136 146.294 142.386
118 136.061 131.506
103 122.124 117.604
98 119.156 114.753
96 119.895 116.232
101 123.19 119.526
103.5 127.903 124.181
106 130.554 127.054
54 122.297 121.187
44 74.3596 71.8762
25 49.0813 44.2124
27 41.718 39.1205
34 47.5586 45.7934
62 86.0892 84.0348
64 108.958 107.337
66 111.029 110.626
56 87.2126 87.5971
41 55.3503 56.6112
34 46.8273 49.6295
27 29.0793 29.3968
31 27.5796 27.8003
31 27.2908 27.9639
28 27.7997 28.8889
35 29.0566 29.7503
41 29.666 30.3784
31 30.3108 31.2287
26 35.3707 36.4532
34 39.9879 41.4861
38 43.0676 45.8323
29 52.6382 57.973
26 52.2039 57.3782
29 40.6702 42.9401
34 49.8516 54.0072
30 58.23 63.509
38 78.3196 83.6253
44 103.381 110.16
56 121.998 128.96
75 140.651 145.606
104 151.189 156.033
110 160.752 164.693
82 145.455 147.387
63 121.96 121.063
61 103.727 104.714
66 98.1284 100.597
71 106.675 107.204
65 92.1538 94.6804
71 95.3721 98.2794
69 102.784 106.646
73 115.329 120.216
68 120.488 124.724
68 118.81 120.462
72 120.233 122.637
79 122.38 124.6
96 125.54 127.962
104 127.716 129.871
108 130.042 131.989
116 132.339 134.509
121 136.279 138.564
121 144.191 145.986
295 153.541 155.53
143 170.845 171.342
126 171.241 171.627
206 180.791 183.731
212.5 188.452 191.244
219 200.448 203.005
187 190.298 192.365
161.333333333333 157.207 158.762
135.666666666667 135.545 136.152
110 122.971 122.744
112 116.809 116.504
114.1 118.858 118.428
116.2 120.907 120.353
118.3 122.956 122.277
120.4 125.004 124.201
122.5 127.053 126.126
124.6 129.102 128.05
126.7 131.151 129.974
128.8 133.2 131.899
130.9 135.249 133.823
133 137.298 135.747
135.1 139.346 137.672
137.2 141.395 139.596
139.3 143.444 141.52
141.4 145.493 143.445
143.5 147.542 145.369
145.6 149.591 147.293
147.7 151.64 149.218
149.8 153.688 151.142
151.9 155.737 153.066
154 157.786 154.991
137 141.947 140.764
142 128.276 126.898
130 113.67 111.364
114 98.2892 97.3144
98 85.2142 85.2472
46 74.1698 75.461
50 82.8947 86.6222
83 91.6656 95.6725
134 84.8207 87.7735
75.5 54.748 56.72
17 21.3365 21.239
12 16.5674 16.5642
16.5 18.1745 17.7548
21 18.7312 18.2002
15 18.1377 18.0782
13 14.2341 14.1649
7 12.0712 11.8679
11 12.8675 12.5944
10 13.4253 13.2829
7 13.6483 13.2597
10 12.2761 12.0134
11 12.3453 12.0891
12 13.4072 13.2278
13 12.5639 12.6725
11 13.4297 13.4233
13 15.7924 15.7115
13 17.2498 17.3664
16 17.8227 17.9818
15 14.8601 14.8298
15 14.6966 14.6757
14 14.2484 14.2814
17 12.7546 12.7708
13 11.7368 11.6985
10 11.262 11.2588
12 12.2121 12.2064
10 11.9274 11.8282
12 11.5761 11.4826
11 11.6687 11.636
18 16.0388 16.0525
14 14.9971 14.9339
11 14.7728 14.7092
11 15.6466 15.6453
15 17.3424 17.3876
19 20.0937 20.3186
16 22.987 23.2008
22 24.2145 24.2599
26 26.8146 27.1319
26 29.4027 29.5194
27.5 33.8572 34.329
29 36.563 37.2249
33 31.155 31.3334
35.5 33.3908 33.6045
38 35.6266 35.8756
39 38.3866 38.3279
41 40.465 40.4632
51 46.4896 46.4245
52 49.3003 49.1455
60 55.1774 54.891
68 58.1043 58.1029
69 75.9192 75.8807
71.5 81.4067 81.9871
74 83.7537 84.7504
70 78.7784 80.1259
79 83.3418 83.2912
104 99.3035 98.3882
124 114.075 113.876
131 126.601 128.503
121 113.686 115.648
120 113.582 115.754
140 113.076 114.692
135 114.333 115.482
134 114.519 116.091
112 116.367 117.594
80 113 114.05
79 120.537 122.198
109 123.189 125.143
116 140.974 143.587
127 147.411 149.72
130 163.692 166.647
134 172.727 176.088
143 188.738 190.287
159 175.609 178.398
161 173.766 177.777
152 165.138 168.403
148 161.892 165.663
139 155.388 159.436
141 143.76 148.109
121 123.348 125.319
114.571428571429 98.8694 99.886
108.142857142857 89.6294 90.7299
101.714285714286 93.0474 95.3263
95.2857142857143 96.8971 100.625
88.8571428571429 96.145 99.3232
82.4285714285714 93.66 96.9794
76 90.8853 93.6587
69.5714285714286 84.2242 86.7425
63.1428571428571 78.8958 81.3819
56.7142857142857 65.6338 66.9047
50.2857142857143 57.5559 58.3127
43.8571428571429 52.2786 51.8801
37.4285714285714 53.8138 54.2436
31 49.8627 50.1178
26 57.083 56.4456
29 53.144 52.7632
32 51.536 51.779
35 60.3634 62.8497
33 55.3095 57.2259
32 47.8963 49.7514
27 44.0467 44.4128
40 41.0062 39.8435
128 69.9914 70.8953
98 79.8429 81.4248
89 84.7752 85.2918
86 84.1771 83.7693
84 80.5867 80.1394
79.4545454545455 78.5697 78.2376
74.9090909090909 76.5528 76.3358
70.3636363636364 74.5359 74.434
65.8181818181818 72.5189 72.5322
61.2727272727273 70.502 70.6304
56.7272727272727 68.4851 68.7285
52.1818181818182 66.4681 66.8267
47.6363636363636 64.4512 64.9249
43.0909090909091 62.4343 63.0231
38.5454545454545 60.4173 61.1213
34 58.4004 59.2195
44 47.8513 48.186
25 30.178 30.4341
20 28.0365 29.0847
19 37.4792 38.3982
28 35.5656 36.019
36 40.1732 40.8433
44 46.0936 45.8395
43 51.7458 52.702
56 56.0213 56.8456
69 66.6222 65.7349
186 92.4987 93.5943
173 106.146 108.764
124 99.1482 100.418
119 94.2547 94.6541
119 92.659 92.2165
98 83.4754 82.7927
76 73.3732 72.4407
83 80.398 78.9263
85 73.5236 72.646
88 81.0775 79.9935
54 67.1984 66.6393
69 64.5758 64.304
66 64.6847 64.4441
83 65.5275 65.4769
84 65.8393 66.1268
78 67.6331 68.2816
75 71.4982 72.2612
95 71.0841 72.364
77 72.8056 73.9544
54 69.5037 70.8252
44 72.3254 73.6112
47 80.1653 80.7869
51 79.3512 79.8435
59 83.5415 84.0873
75 92.4676 93.8974
81.5 91.6537 93.6185
88 85.931 87.3797
67 79.0525 80.0317
60.5 68.9312 69.1715
54 58.8098 58.3113
65 51.677 51.6821
54 55.4903 56.0074
64 61.7428 62.2124
75 74.7152 75.2786
89 88.6227 89.5428
103 97.0647 97.7225
113 93.1943 93.8845
118 92.2801 92.7247
114 84.9951 85.6607
116 87.7077 88.5385
111 89.8504 90.8237
109 92.2801 93.6133
113 93.929 95.1388
104 93.9912 95.3965
96 97.0151 98.4933
102 110.043 111.629
111 126.558 128.038
120 135.868 137.421
134 141.393 143.049
164 145.651 147.136
149 147.536 148.213
134 142.11 142.158
96 123.585 123.51
100 109.91 109.618
85 96.4573 96.3505
84.5 94.0644 93.7576
84 89.903 89.6019
80 90.3073 89.7149
74 80.7154 80.0404
61 68.9763 67.9368
51 64.8497 64.0692
53 67.6729 66.7061
59 64.4681 63.777
59 67.4202 67.0732
64 71.004 70.9838
74 75.9461 76.0657
105 79.7347 80.0771
96 84.5306 85.0207
88 89.3804 89.799
83 99.9139 100.426
93 110.921 111.53
98 123.502 124.001
108 136.681 136.373
104 131.363 131.547
115 135.492 135.228
118 131.803 131.43
118 135.55 135.037
115 131.344 130.548
109 104.968 104.601
69 81.7817 81.9613
37 43.9574 43.3704
49 44.6883 44.774
52 51.9958 52.7006
56 50.9119 51.4375
53 44.9017 44.8072
39 46.5265 46.5518
39 45.0275 44.875
42 38.3599 37.5421
37 35.5711 34.7571
31 40.1162 39.8035
33 38.9903 38.7334
36 40.0686 39.6987
38 43.6988 43.3999
46 45.3169 45.147
47 47.7544 47.5887
42 48.1439 47.9452
42.3333333333333 46.9148 46.9031
76 91.3699 94.1618
76 88.7588 88.0609
78 84.5729 81.2891
72 80.1411 73.5159
62 77.6075 71.311
63 76.2379 69.8122
65 79.3075 73.223
74 81.3339 77.1815
66 83.4442 81.7529
75 85.8038 83.2392
80 90.3911 88.702
89 99.899 99.5777
101 110.585 110.51
114 112.942 113.444
121 116.003 117.965
125 120.972 122.129
122 120.334 120.986
119 118.66 118.901
124 123.041 120.867
143 127.489 125.589
148 134.91 133.927
159 139.164 139.955
150 146.76 146.004
162 151.396 151.086
155 147.739 142.692
128 138.407 128.593
101 128.307 116.871
96 116.838 105.487
95 115.854 104.79
102 117.43 108.21
106 121.664 112.426
108 126.621 117.241
111 129.544 120.721
104 120.05 117.196
47 83.8475 77.5995
30 64.5207 52.263
29 47.9751 41.4361
47 46.656 42.2324
81 79.4861 74.3464
121 105.066 100.988
86 108.503 107.457
65 85.4392 86.373
48 55.599 58.7217
38 43.3591 50.3022
26 29.3065 30.0814
25 26.3607 26.8967
21 25.8989 27.5686
29 26.186 28.8895
21 28.4889 30.2089
22 29.6208 31.3871
19 31.0345 33.3032
28 35.679 38.3209
28 38.0284 41.7269
28 40.1194 46.9973
32 45.4644 58.7271
27 46.9196 59.7716
27 41.2586 46.9038
24 47.0299 57.3609
39 54.3556 67.4445
54 73.4877 86.6195
46 96.8842 113.717
78 114.117 131.439
117 131.403 143.682
138 138.359 150.391
112 142.426 152.216
84 127.129 131.877
70 109.342 107
73 91.8709 94.2586
81 85.5457 91.6736
69 94.9263 96.1707
75 83.8688 90.1319
73 88.5951 95.7967
78 95.254 104.861
79 103.872 116.06
88 107.51 118.06
78 113.393 117.443
86 110.287 116.244
96 114.009 119.511
108 117.74 123.74
115 120.298 125.622
126 122.713 127.517
123 124.42 129.782
137 128.42 134.074
136 136.472 140.898
143 146.686 151.596
137 163.622 164.788
162 165.063 165.945
161 170.156 170.053
180 173.675 173.601
180 185.764 185.241
198 187.839 184.736
197 181.284 176.725
200 180.502 174.816
187 182.077 176.27
209 186.315 181.304
206 195.12 190.176
215 201.149 197.459
216 200.886 194.533
232 197.872 189.655
214 191.58 182.827
204 183.741 176.395
174 182.082 178.18
173 182.814 181.026
178 180.912 176.705
198 175.96 167.645
157 174.268 166.611
161 174.28 168.35
158 176.885 170.839
168 175.022 168.266
155 172.65 167.047
160 160.686 155.371
154 149.802 146.596
160 145.931 139.594
138 127.293 121.135
120 114.413 109.069
111.5 108.564 103.062
103 102.62 96.8789
94.5 96.8656 91.0488
86 91.0545 85.1127
77.5 85.3761 79.4238
69 82.6381 76.99
70 83.8398 77.9728
71 85.2311 79.3088
65 87.2603 81.9542
80 89.8565 84.4062
75 90.3232 85.2523
95 91.1841 87.3118
86 91.2124 89.4263
107 86.7365 86.2475
104 80.6169 78.9161
94 78.2175 75.116
59 76.3422 75.0185
66 78.6282 78.9256
67 68.9449 68.1149
57 50.5242 47.1545
47 42.6814 38.8922
39 41.8911 38.8092
32 38.1275 36.0253
34 38.6198 36.7878
32 38.0784 36.8512
41 38.4394 37.2299
39 39.3615 37.7204
55 43.9948 41.2774
57 46.0364 44.2907
61 53.1476 50.7741
58 53.3271 52.36
53 50.9607 49.4677
44 49.582 47.4905
41 45.299 43.6493
43 44.067 43.0324
49 44.763 43.4579
44 46.6181 45.0261
43 48.1713 47.3912
40 48.5332 48.5613
50 48.0742 47.5875
47 51.0675 52.6262
54 48.7773 50.6131
42 45.1787 46.5103
38 37.9816 39.8782
31 32.6233 34.1317
31 30.7255 30.5541
25 28.0399 28.0698
38 29.5989 29.7103
35 33.0687 33.2054
45 34.8355 35.1805
55 35.4627 36.1369
52 28.7766 28.6149
48 24.8745 24.0965
46 24.3588 23.2151
26 24.0878 21.3881
11 23.2745 20.6753
10 24.0248 20.7317
8 22.8765 19.7378
6 22.8641 19.9582
26 21.3424 22.5142
28 26.3154 27.0055
38 30.8957 31.5369
36 32.7183 33.52
45 37.3398 37.9782
46 38.7994 39.9846
46 38.3076 40.3977
45 38.2713 40.7787
50 36.7047 40.2157
23 23.7176 23.0937
14 18.0195 15.9343
12 17.719 15.6561
16 19.1946 16.3198
14 22.382 19.0431
25 22.5642 20.0935
19 20.332 19.0748
4 13.7092 13.0982
3 12.2254 12.1123
19 9.89842 10.1157
12 12.8889 12.9942
17 14.9861 14.8156
18 16.2152 16.8772
20 18.895 18.6734
20 19.4399 20.3567
25 22.2528 22.3139
27 27.0989 27.0475
47 35.4371 34.9764
62 47.2972 48.181
75 53.688 55.5959
73 56.22 58.6507
82 59.1947 62.5486
79 62.2974 65.407
83 64.8595 68.47
79 70.4717 75.0391
90 74.4836 79.6912
91 74.8937 81.0449
92 76.5674 81.4609
72 80.5517 83.8011
97 88.6266 91.6458
105 95.7374 99.0161
130 99.8251 103.84
82 98.2787 97.3642
74 92.3307 87.7847
78 94.7596 88.0823
108 94.6919 92.1776
102 96.188 94.8698
109 103.567 102.227
113.789473684211 107.346 105.771
118.578947368421 111.126 109.314
123.368421052632 114.905 112.858
128.157894736842 118.685 116.401
132.947368421053 122.464 119.945
137.736842105263 126.244 123.488
142.526315789474 130.023 127.032
147.315789473684 133.803 130.576
152.105263157895 137.582 134.119
156.894736842105 141.362 137.663
161.684210526316 145.141 141.206
166.473684210526 148.921 144.75
171.263157894737 152.7 148.293
176.052631578947 156.48 151.837
180.842105263158 160.259 155.38
185.631578947368 164.039 158.924
190.421052631579 167.818 162.467
195.210526315789 171.598 166.011
200 177.369 172.69
206 181.899 181
207 185.446 186.194
191 175.436 177.091
176 175.874 179.264
117 159.536 161.21
134 138.091 135.853
164 140.652 142.546
215 158.146 166.764
248 175.46 186.02
264 191.247 201.909
252 194.446 205.253
247 194.388 205.391
248 188.114 201.092
268 188.297 200.885
212 185.805 197.128
183 184.741 194.207
194 184.282 193.601
217 178.602 189.208
180 176.134 186.883
154 172.527 182.962
149 174.844 184.389
207 177.156 186.807
227 184.941 194.106
230 197.632 206.011
172 188.779 195.546
173 154.713 159.842
102 134.709 136.676
31 124.139 123.322
106 120.324 119.238
108.6 122.389 120.893
111.2 124.454 122.549
113.8 126.519 124.204
116.4 128.585 125.86
119 130.65 127.516
121.6 132.715 129.171
124.2 134.78 130.827
126.8 136.846 132.482
129.4 138.911 134.138
132 140.976 135.794
134.6 143.041 137.449
137.2 145.107 139.105
139.8 147.172 140.76
142.4 149.237 142.416
145 151.303 144.072
147.6 153.368 145.727
150.2 155.433 147.383
152.8 157.498 149.039
155.4 159.564 150.694
158 161.629 152.35
156 143.837 139.882
138 128.258 123.657
134 114.712 107.052
46 98.0408 94.7986
69 87.6926 87.7472
51 79.2536 83.4435
63 80.2932 92.5547
100 88.3482 101.532
125 85.6215 95.3059
69 59.6879 66.13
9 27.9202 27.5532
13 16.1867 16.1615
13 16.5786 15.1922
17 17.8135 16.0622
26 16.7782 16.5941
11 13.9087 13.6883
9 11.7 11.0358
5 12.2768 11.3818
10 12.492 12.0299
10 14.0194 12.7325
8 12.4532 11.5908
8 12.3249 11.4857
12 13.217 12.6308
7 13.1344 13.4921
10 13.0691 13.0551
10 15.9422 15.6777
17 16.8412 17.2234
15 17.8931 18.4144
17 15.0826 14.9776
21 15.1207 15.0468
19 14.6831 14.7805
11 13.3081 13.3559
11 12.1115 11.9745
12 11.4051 11.3888
13 12.2514 12.2289
8 12.2305 11.8981
12 11.8141 11.4999
9 11.9343 11.8198
16 15.9089 15.952
16 15.3096 15.0903
11 15.1809 14.9651
16 15.9791 15.9698
13 17.558 17.6966
15 19.2489 19.9859
18 22.5011 23.1985
21 24.2388 24.3856
17 25.8183 26.8593
23 29.2607 29.6297
24 31.9768 33.5357
30 35.1365 37.3174
28 32.1201 32.6988
29 34.8377 35.5276
30 37.5553 38.3564
37 42.8826 42.6441
35 42.9697 42.9339
46 47.8015 47.5612
45 51.2304 50.6919
62 57.3839 56.4118
60 60.4078 60.3716
76 81.1098 78.1068
97 88.849 85.9547
104 100.368 97.8436
119 106.558 107.416
102 113.656 114.243
99 106.911 110.9
88 89.553 94.1037
51 65.6122 68.5154
19 48.8135 50.0475
48 43.1988 44.0141
60 46.1669 46.9746
70 46.8302 48.9724
27 30.3996 31.3546
18 21.1578 21.7041
10 19.8404 20.1786
26 18.4641 18.9645
17 23.4669 24.5639
18 25.2722 27.413
12 27.8051 29.4152
22 31.1463 33.2117
23 39.3185 44.2611
50 39.5301 45.5338
46 42.3522 48.3243
44 42.3485 48.6132
38 42.6468 48.9291
35 46.2566 53.7116
32 60.9607 68.0476
25 51.8234 58.6183
65 51.1908 53.6518
49 42.5956 44.1826
33 42.8081 41.9434
35 39.7967 38.8094
31 38.7345 38.2388
39 39.2018 39.631
39 40.6249 41.1934
40 46.0908 47.0165
43 50.3171 51.5137
74 52.015 53.1586
38 48.8393 49.0435
41 53.8856 52.5375
43 49.7359 49.7271
51 53.5294 53.0696
48 53.4253 54.041
57 54.19 54.8776
50 56.811 58.4339
60 59.8818 62.3608
62 64.395 65.9016
64 66.1684 67.9426
58 68.485 70.4691
69 70.0835 72.2225
68 85.1825 85.7218
85 90.3604 92.1263
78 90.9725 92.1142
75 86.152 87.5708
51.5 84.2876 85.9685
28 90.2149 90.6957
86 86.5857 87.9259
21 70.9061 73.4492
12 55.0162 57.4953
6 41.8032 42.7443
7 31.9243 33.4667
10 30.8633 31.7183
11 27.5916 27.4409
14 27.5349 28.8855
15 47.0107 46.2696
13 47.3437 46.856
17 46.4724 48.0815
21 54.3172 58.0637
67 57.8189 62.6566
58 54.8807 58.3739
62 50.7022 55.0505
43 53.9056 56.8059
43 49.6238 54.2985
29 55.2403 60.4396
37 66.5918 72.7166
42 64.0755 65.8889
38.5 60.8914 62.0123
35 54.7169 57.016
48 52.4167 52.828
33 55.4421 55.3716
41 52.8075 51.8288
33 52.9243 52.9581
44 53.2733 52.6251
40 55.2506 53.4261
46 57.4893 56.9438
37 58.8901 58.6119
54 61.5594 59.2565
61 57.7357 58.9583
62 66.1862 67.5711
63 73.8182 74.2228
78 72.2463 72.9993
69 60.6708 61.2648
69 49.5241 50.4672
30 25.4291 26.0112
16 14.7383 15.1041
14 12.4034 12.7493
12 11.4342 11.6328
12 12.7469 12.9371
12 12.6912 12.7506
26 16.6996 16.8864
31 23.2032 23.3957
42 32.7575 32.5356
48 39.4674 39.9011
57 46.7302 46.9335
52 52.8507 53.1356
59 58.8728 59.1859
66 64.9417 66.205
70 73.7931 75.5799
70 83.9952 87.159
97 83.9084 85.4757
103 80.2555 79.284
80 73.4696 71.5702
68 68.8213 68.002
73 69.8134 67.8866
68 71.1765 69.0708
62 67.6209 66.3952
65 69.1778 68.3651
69 70.5461 70.4295
79 71.6245 71.596
81 72.148 72.0296
78 77.5262 77.778
80 77.8589 78.2057
82 82.2337 82.9093
91 88.1044 88.6542
99 101.362 102.037
122 115.344 116.576
134 129.273 130.337
149 141.314 142.176
162 146.432 148.389
184 146.008 146.264
169 140.382 140.32
143 132.177 130.809
163 132.467 131.455
137 127.104 125.21
132 119.27 116.514
129 122.492 121.005
128 130.941 129.631
126 137.098 135.369
143 142.178 140.021
146 149.763 148.086
152 154.537 153.826
169 162.774 162.098
175 164.141 164.698
147 151.749 153.481
104 112.185 108.752
95 97.1988 93.5951
93 94.9844 92.1462
95 97.4377 95.4896
114 103.454 102.768
131 117.48 118.052
149 116.633 116.849
129 104.043 102.245
108 100.022 97.4284
109 103.592 101.141
109 103.998 101.757
115 106.911 104.936
104 110.964 108.884
119 114.508 112.349
135 115.99 114.12
137 121.019 119.636
155 129.83 127.727
169 136.844 135.592
169 149.446 148.39
167 148.543 148.138
152 137.525 137.494
100 115.229 113.389
71 99.4416 94.9177
79 86.0073 82.955
62 75.9089 73.7546
62 73.0325 71.8562
70 72.306 70.7272
97 85.2258 84.4849
98 87.7935 87.9327
82 90.6362 93.4446
26 23.664 24.2889
32 27.8311 28.1999
36 33.9329 34.2782
38 36.0473 36.4822
42 41.7729 42.1229
42 45.9514 46.5948
53 48.4425 49.5687
52 50.3154 51.6695
50 55.1788 57.0647
38 41.0635 40.7633
14 28.1315 27.0457
8 26.1036 25.0237
10 27.8955 26.3888
22 32.8062 31.0539
17 28.2733 26.976
25 26.0083 25.354
11 17.5126 17.1973
13 13.4005 13.3437
20 11.3701 11.4804
12 14.1134 14.1676
13 13.9376 13.8385
18 18.3623 18.7146
21 19.9249 19.8148
22 21.0542 21.5515
23 23.0596 23.0939
28 29.0775 29.0558
54 39.6093 39.3772
71 52.796 53.2747
78 61.4755 62.5029
76 65.4549 66.7545
78 69.3329 71.1237
84 75.337 77.0053
84 81.5889 83.5214
92 91.192 93.6366
99 95.7263 98.5097
98 97.9687 101.25
106 100.675 103.295
107 103.955 105.711
127 111.998 113.635
137 113.351 115.116
113 102.132 104.26
87 90.3139 89.832
67 82.4711 80.0686
91 85.4164 81.8777
92 90.9434 89.6097
106 97.1956 96.5058
110 105.089 104.39
114.6 108.539 107.715
119.2 111.99 111.04
123.8 115.441 114.365
128.4 118.891 117.69
133 122.342 121.016
137.6 125.793 124.341
142.2 129.244 127.666
146.8 132.694 130.991
151.4 136.145 134.316
156 139.596 137.641
160.6 143.046 140.967
165.2 146.497 144.292
169.8 149.948 147.617
174.4 153.398 150.942
179 156.849 154.267
183.6 160.3 157.592
188.2 163.75 160.918
192.8 167.201 164.243
197.4 171.928 169.453
202 186.529 186.076
198 192.788 193.211
200 185.553 186.461
178 182.253 184.066
148 167.371 168.265
166 150.699 149.525
198 159.94 160.944
237 180.425 184.983
237 196.191 201.784
248 208.424 214.073
252 212.668 218.388
257 210.364 216.198
253 203.058 209.926
267 202.384 209.067
264 199.086 205.099
270 196.137 201.164
247 193.884 198.824
224 192.648 198.274
214 192.363 198.077
186 185 190.549
180 195.907 201.002
202 198.754 203.546
230 206.246 210.801
229 219.494 223.664
196 209.608 212.986
163.666666666667 168.347 170.92
131.333333333333 144.316 145.312
99 131.724 131.336
130 132.049 131.533
132.45 133.436 132.718
134.9 134.823 133.903
137.35 136.209 135.088
139.8 137.596 136.273
142.25 138.983 137.458
144.7 140.369 138.643
147.15 141.756 139.828
149.6 143.143 141.013
152.05 144.529 142.198
154.5 145.916 143.383
156.95 147.303 144.568
159.4 148.689 145.753
161.85 150.076 146.938
164.3 151.462 148.123
166.75 152.849 149.308
169.2 154.236 150.492
171.65 155.622 151.677
174.1 157.009 152.862
176.55 158.396 154.047
179 159.782 155.232
145 147.682 145.756
141 125.965 123.704
101 107.716 103.941
31 96.3558 94.7678
44 97.7731 97.8163
45 102.645 104.741
121 104 110.067
123 112.864 119.386
121 111.518 116.316
103 86.2512 89.4572
17 42.4368 42.2777
5 16.2258 16.2108
14 11.3607 10.6713
12 13.3426 12.4774
45 14.4945 14.4061
21 13.5502 13.4468
11 10.229 9.90458
6 9.91354 9.4741
9 10.3 10.0735
11 12.9661 12.3327
12 11.7669 11.3464
12 11.2669 10.8577
14 12.3638 12.0792
15 15.7672 15.9504
14 13.0069 13.0052
14 16.5961 16.4721
13 17.6837 17.8746
15 20.0723 20.3349
53 16.1611 16.1129
19 16.6848 16.653
18 16.5892 16.6397
18 15.2883 15.3164
13 13.2788 13.2122
14 12.295 12.289
8 12.959 12.9508
12 12.862 12.701
12 12.3241 12.1705
14 12.9104 12.8564
13 16.597 16.6218
15 16.3567 16.2501
12 16.4287 16.3259
16 17.5295 17.5295
17 19.2482 19.3191
15 20.028 20.3927
19 24.1274 24.4737
21 25.9148 25.9939
24 27.2552 27.771
23 31.3109 31.4952
26 32.9538 33.7269
26 38.4875 39.5696
35 37.061 37.3585
36.5 41.1561 41.5096
38 45.2513 45.6606
34 54.1242 54.0231
34 50.4737 50.4694
45 52.6711 52.5625
49 56.9755 56.7224
54 63.1688 62.7047
65 68.4482 68.447
69 69.933 70.2254
73 70.7519 71.4816
83 74.0764 75.3104
85 76.2337 77.785
88 78.1166 79.6379
88 78.8485 81.0901
77 82.7479 85.0288
82 85.1907 87.7318
83 91.9607 92.3604
85 82.7183 83.2899
83 75.6482 75.7929
73 62.1889 62.5765
63 59.0396 60.5755
50 48.8406 51.7718
44 53.0136 55.3619
36 50.8946 52.351
32 48.5927 49.5583
43 47.5794 48.4109
39 49.9864 50.4234
40 47.16 47.554
36 52.4387 52.3933
44 57.9526 57.7436
58 61.3411 60.4764
61 66.0006 65.2083
86 69.7774 69.5475
108 77.7891 77.8174
70 79.8583 80.5367
78 85.6045 86.9774
82 91.1579 92.6262
86 94.1977 96.1491
85 98.4421 100.521
98 101.704 104.626
157 114.35 117.598
191 127.295 130.322
132 134.171 137.345
129 138.102 141.746
137 140.998 144.057
128 138.843 140.687
133 142.031 143.431
131 142.263 142.855
136 148.538 148.057
151 152.364 149.87
207 149.2 142.457
471 258.176 267.544
150 185.05 190.319
86 99.9892 102.913
84 97.3041 98.8801
136 98.5424 101.301
177 107.054 107.883
230 109.301 110.23
90 81.7468 83.3987
45 43.3819 44.9981
35 31.7912 34.057
31 23.8783 25.3
75 21.3372 24.2012
16 16.4912 18.0891
15 13.396 13.8163
15 16.321 16.6862
24 16.453 16.605
17 12.0905 12.666
24 12.9327 13.6476
6 12.545 13.9938
21 16.6309 18.3985
19 21.1106 24.305
8 23.2231 25.3752
24 23.7071 25.1853
28 28.0012 29.4017
35 37.9915 38.9752
45 56.0827 56.3549
47.4615384615385 57.2457 57.5614
49.9230769230769 58.4086 58.7678
52.3846153846154 59.5716 59.9743
54.8461538461538 60.7345 61.1808
57.3076923076923 61.8975 62.3873
59.7692307692308 63.0604 63.5938
62.2307692307692 64.2233 64.8003
64.6923076923077 65.3863 66.0068
67.1538461538462 66.5492 67.2132
69.6153846153846 67.7122 68.4197
72.0769230769231 68.8751 69.6262
74.5384615384615 70.0381 70.8327
77 71.201 72.0392
78 80.2416 81.2261
145 84.0762 85.0278
98 90.7355 92.2551
84 93.2184 94.5842
87 91.8374 92.8548
75 87.7881 86.346
87 100.51 99.1267
98 115.834 114.639
106 123.078 123.517
109 129.512 129.823
100 115.373 117.32
75 93.4342 95.6443
49 65.1814 66.5906
35 44.7762 45.3655
32 39.584 39.9683
72 47.1729 47.5705
86 54.1754 55.233
49 45.6552 46.1329
14 26.206 26.4738
20 20.7243 20.8889
19 20.7437 20.9878
11 23.0716 23.6006
19 28.3358 29.3745
27 36.9457 37.7404
24 44.6256 45.6426
66 50.7329 53.1409
66 52.6147 55.5399
74 55.9523 58.8679
103 58.2182 61.2663
78 60.6533 63.7118
80 66.446 70.0784
69 77.5917 81.046
50 67.8857 71.1987
36 57.5654 58.763
37.5 48.3182 49.0898
39 41.0211 40.5913
41 35.7663 35.275
40 35.0363 34.7898
41 36.4032 36.607
41 38.5103 38.7826
44 43.2589 43.7153
63 47.6526 48.2362
49 47.1946 47.7493
52 44.6925 44.7924
45 46.4172 45.7524
41 48.9304 48.9301
50 52.6331 52.4169
54 57.4579 57.7695
55 56.4828 56.8275
56 61.022 61.8188
70 66.0285 67.2379
74 70.6136 71.3499
87 73.0788 73.9417
97 79.4646 80.4412
83 83.6397 84.698
115 94.9545 95.2323
103 105.315 106.203
92 100.271 100.845
83.5 96.5299 97.234
75 95.2003 96.0319
101 93.6747 93.913
93 92.9958 93.6587
94 83.0834 84.3198
68 65.7562 66.9621
15 50.8183 51.2786
32 35.0271 35.7749
3 30.4233 30.8313
31 26.7509 26.6772
28 28.0632 28.7036
21 81.6908 81.347
20 73.1664 72.9444
25 58.3637 59.1599
68 67.8445 69.6699
82 67.5652 69.9157
70 65.2352 66.9386
65 65.9184 68.0382
68 65.9203 67.3447
84 65.3294 67.6085
155 74.558 77.1009
94 95.9856 98.9861
81 78.7275 79.6206
102 70.9475 71.4997
123 63.6535 64.7777
65 57.6174 57.8263
49 57.3616 57.3348
48 51.6931 51.2246
45 50.8262 50.8453
60 50.7605 50.4454
64 52.2621 51.3711
50 55.026 54.7595
52 57.2655 57.1265
63 56.4315 55.3048
54 49.5068 48.6332
62 53.5178 52.5283
62 58.4767 58.1876
50 58.5676 58.0296
40 50.9805 50.5561
36 39.5179 38.8441
20 24.1232 23.7073
19 18.8123 18.5509
20 13.6634 13.4162
20 14.9866 14.8447
16 12.5204 12.3845
11 13.3295 13.2871
18 15.725 15.5915
19 21.4755 21.338
29 27.9775 28.1361
31 34.1968 33.8869
39 41.4504 41.3052
41 41.4417 41.2381
50 44.3457 44.1219
45 49.4427 48.5401
39 58.9198 57.6431
72 75.7551 73.4946
95 82.5997 81.4799
76 79.2865 79.9806
72 75.4057 76.7628
67 73.0262 73.6116
63 75.5682 76.945
82 74.5332 76.0377
61 70.427 71.3027
62 71.3418 71.9224
68 68.8806 68.9638
69 70.3879 70.4082
70 68.5018 68.5863
65 69.5207 69.3407
60 68.5654 68.3176
67 74.7551 74.2724
74 81.1409 80.748
89 91.4376 90.9555
98 105.728 104.848
106 117.719 116.959
116 130.039 129.423
134 144.135 142.737
147 140.787 140.605
150 137.852 137.896
148 130.492 131.469
125 133.168 133.891
118 125.206 126.558
112 118.322 120.291
118 124.16 125.222
124 132.286 133.222
128 133.444 134.679
129 137.95 139.49
130 147.242 148.44
127 149.494 150.002
150 156.231 156.717
162 162.203 161.794
148 163.66 162.385
100 128.491 130.939
84 113.89 116.46
84 105.837 107.863
86 101.755 103.148
90 108.691 109.169
107 122.898 122.466
123 126.938 126.755
131 117.83 119.098
120 110.586 112.434
103 110.774 112.525
101 108.28 109.884
104 111.225 112.636
108 113.281 114.77
115 114.942 116.492
116 118.949 120.285
122 123.692 124.677
128 131.789 133.296
137 140.433 141.321
140 149.542 150.292
141 156.151 156.42
143 156.517 156.501
141 140.592 141.875
87 118.928 122.159
80 109.382 111.543
68 97.6313 99.147
67 84.0913 84.9158
58 72.2568 73.3906
66 77.8684 78.4069
94 86.3923 86.2888
89 107.766 105.709
66 97.6476 97.3421
66 91.731 91.8099
67 84.7023 85.0661
66 76.0325 76.7639
60 73.8877 74.5834
63 72.234 72.9427
58 75.3307 76.0029
60 78.6051 79.0656
64 82.8601 83.0501
66 83.4532 83.7406
85 88.2367 88.4316
95 99.9907 100.039
92 110.611 110.634
91 113.457 113.418
96 117.85 117.649
100 122.46 122.348
111 122.034 121.974
111 121.674 121.652
112 122.725 122.968
127 127.361 127.578
134 134.83 134.954
143 142.038 141.972
149 148.473 148.575
149 155.706 155.762
139 149.97 150.531
116 137.504 138.581
106 126.41 127.662
96 113.092 114.335
93 110.673 111.887
94 112.671 113.689
96 116.085 117.111
99 120.708 121.748
102 123.718 124.698
118 118.954 119.297
39 71.4781 72.1621
22 43.8316 45.1763
24 38.4186 39.137
30 44.2417 44.7219
71 80.9628 81.5198
82.5 104.721 105.173
94 108.851 108.983
64 86.605 86.5193
47 56.7402 56.4194
37.5 49.9705 49.2565
28 29.3001 29.2257
27 27.4183 27.3686
24 27.7911 27.619
25 28.8838 28.6038
25 29.7138 29.5363
25 30.4361 30.2539
26 31.5128 31.2813
37 36.6734 36.4182
36 41.4932 41.1184
42 46.3029 45.5824
32 58.9157 57.5318
36 58.5646 57.228
29 43.7971 43.2056
30 55.1363 54.0573
34 64.9184 63.5666
45 84.6658 83.3205
46 111.439 109.691
63 129.932 128.118
96 145.095 143.834
129 154.758 153.511
138 161.907 160.897
109 143.696 143.234
67 117.118 117.422
65 102.075 101.861
68 98.6808 98.0515
71 104.317 104.226
65 93.596 92.9544
69 97.6145 96.8772
69 106.285 105.283
76 119.591 118.306
79 123.437 122.333
71 119.142 118.748
75 120.922 120.314
81 123.045 122.485
110 126.577 125.964
124 128.387 127.849
122 130.39 129.908
122 132.9 132.359
127 136.99 136.415
128 144.101 143.66
132 153.804 153.31
141 168.596 168.51
145 168.997 168.944
154 173.909 173.974
165 177.418 177.469
172 191.739 191.934
178 191.481 192.56
176 183.195 184.775
171 179.516 181.488
169 181.485 183.497
176 185.865 187.603
185 193.042 194.756
197 199.872 201.151
219 196.203 198.398
198 190.467 193.308
164 183.819 186.847
158 176.846 179.389
159 180.613 181.966
173 186.169 186.791
167 181.157 182.61
156 170.724 173.594
151 171.805 174.447
150 175.707 177.752
157 178.317 180.397
156 174.433 176.762
165 172.449 174.382
146 159.137 160.972
138 151.326 152.434
152 146.451 148.636
158 128.306 130.426
131 115.444 117.28
117.2 108.835 110.726
103.4 102.01 103.985
89.6 95.6179 97.6195
75.8 89.0958 91.1414
62 82.8772 84.9267
62 80.7955 82.7381
63 81.0084 83.0281
64 81.6548 83.6945
70 84.9004 86.7274
71 87.2799 89.1562
74 87.6299 89.3761
86 89.469 90.8023
92 90.9916 91.6075
96 87.4604 87.6298
92 78.0397 78.6264
52 71.5832 72.6515
48 70.7385 71.2001
57 76.5956 76.5
65 68.1266 68.4134
19 45.8694 47.0347
19 39.6884 40.993
28 39.9883 41.0529
28 37.4877 38.2084
33 38.0039 38.6352
38 38.2282 38.6492
30 37.4104 37.8261
29 37.6424 38.2075
23 40.5732 41.5076
38 42.8379 43.439
56 49.3412 50.1586
54 51.214 51.5481
56 48.4639 48.9789
41 46.2862 47.0117
40 43.6256 44.1977
37 43.6575 44.014
40 43.909 44.3595
41 45.3279 45.8783
40 47.6855 47.9578
32 48.6294 48.6221
33 47.3709 47.5409
43 53.8622 53.326
46 51.2286 50.597
43 46.6537 46.1947
44 38.7838 38.137
32 33.4702 32.9529
30 29.26 29.3236
30 26.9272 26.9175
34 29.0283 28.9891
37 32.7255 32.6809
33 35.3632 35.2476
26 35.559 35.3303
16 26.4771 26.5362
6 20.0787 20.3484
9 18.563 18.9631
16 15.5443 16.4836
13 14.9942 15.8994
7 13.9361 15.0829
5 12.4453 13.5398
13 12.4902 13.5052
16 13.1164 13.7794
12 14.3428 15.0073
11 12.3594 13.1809
4 14.2481 14.6696
15 15.5744 16.2228
25 16.6621 17.3238
17 18.2007 18.7013
20.4 17.7836 18.2337
23.8 20.9699 21.2032
27.2 24.1562 24.1726
30.6 27.3425 27.1421
34 30.5288 30.1116
48 33.3566 32.9071
36 37.0882 37.1545
42 44.3338 44.5192
55 54.0324 53.8037
78 66.2617 65.5183
74 67.6504 67.5298
49 62.7829 63.2804
47 51.1807 52.4589
36 46.2845 47.7134
38 43.8458 44.7484
34 40.6228 41.1867
31 42.169 42.3769
31 42.6849 43.1694
30 43.3565 43.9973
34 43.8571 44.3469
38 46.4428 46.8838
42 46.6764 47.2378
40 52.0759 52.572
49 57.7571 58.0382
66 67.0028 66.4203
73 72.4272 71.5835
68 72.1694 71.6619
71 72.6877 72.553
70 74.0012 73.9708
70 74.4979 74.3148
72 74.5974 74.6291
68 75.2418 75.4089
74 77.8231 77.8921
73 83.6349 83.6416
79 94.2091 94.5212
84 100.879 101.14
93 106.666 107.18
109 109.21 109.723
116 114.83 114.796
120 118.957 118.551
118.5 123.901 123.337
117 125.155 124.348
120 124.778 123.952
117 124.585 123.479
114 118.486 116.605
48 82.9074 80.896
22 39.7979 39.7429
27 19.9223 20.843
18 21.5432 22.1728
40 27.4391 27.4726
28 29.2189 29.359
29 24.1825 24.3919
28 22.8808 23.2378
20 22.9604 23.0875
21 21.8826 21.8695
16 19.4993 19.5301
19 18.6854 18.7558
18 17.8972 18.0133
20 19.7256 19.7868
24 21.4872 21.5943
22 24.0891 24.0364
20 22.618 22.616
16 21.4012 21.4011
18 18.7257 18.7874
16 18.2848 18.3649
18 16.8788 16.9776
19 18.5466 18.584
18 16.0098 16.0495
13 15.3067 15.2452
16 14.7293 14.7593
17 17.3109 17.3133
13 17.2146 17.1734
10 16.4777 16.5034
18 17.1511 17.1196
18 16.9781 17.1038
20 15.8047 16.0628
18 18.369 18.4801
17 18.2968 18.2876
19 18.8448 18.8191
18 22.0601 22.0116
67 59.3341 59.2018
70 60.4394 60.0862
73 61.9976 61.3926
71 62.0493 61.2863
56 64.4888 63.7412
68 63.4816 62.3739
71.5 64.8791 63.7533
75 67.5746 66.3182
84 64.3721 64.1979
73 64.6354 64.3675
56 58.7083 58.6547
70 49.9416 49.7601
66 48.7697 48.0098
55 47.9664 46.5006
62 46.3253 45.1554
50 43.4982 42.7769
43 45.1807 44.7033
37 46.0578 45.6459
41 50.7204 50.5052
35 50.8953 50.7008
38.6666666666667 53.3386 53.3664
42.3333333333333 57.0973 57.2088
46 58.4507 58.8935
49 59.7749 60.1848
52 61.4792 61.6065
57 70.0428 70.0413
50 67.1414 66.8171
76 71.9802 71.3104
83 73.5672 72.8504
82 76.0759 75.1162
87 78.0874 77.0645
96 81.1069 79.6636
116 94.526 92.9207
128 106.135 104.642
125 116.471 114.903
138 127.119 125.309
146 130.444 128.93
135 135.526 134.618
154 145.204 144.514
158 143.583 143.302
149 144.348 144.61
134 146.581 147.852
134 196.164 199.54
364 237.52 232.851
160 129.097 126.503
102 100.185 98.7285
100 93.1028 92.3249
103 101.788 100.414
118 97.4093 97.0126
105 92.4377 91.9943
70 64.8931 64.0847
39 38.4711 37.6692
18 32.7957 31.662
15 24.6554 23.9473
15 35.9902 34.5656
11 24.9611 24.1663
3 13.3567 13.1501
16 12.1735 11.9958
16 13.3816 13.3105
3 11.6242 11.3395
26 13.2532 12.8979
14 14.5418 13.8179
11 18.0686 17.1901
17 25.899 24.2961
5 23.1871 22.1093
31 22.2939 21.5523
14 24.6318 23.9313
23.5 29.5913 29.1054
33 34.3164 34.1983
36.9545454545455 36.4552 36.3147
40.9090909090909 38.5939 38.4311
44.8636363636364 40.7326 40.5475
48.8181818181818 42.8713 42.6639
52.7727272727273 45.01 44.7804
56.7272727272727 47.1488 46.8968
60.6818181818182 49.2875 49.0132
64.6363636363636 51.4262 51.1296
68.5909090909091 53.5649 53.246
72.5454545454545 55.7037 55.3624
76.5 57.8424 57.4788
80.4545454545455 59.9811 59.5952
84.4090909090909 62.1198 61.7116
88.3636363636364 66.3094 65.8306
92.3181818181818 70.3788 69.9169
96.2727272727273 76.2777 75.5321
100.227272727273 76.8788 76.2174
104.181818181818 78.4762 77.9855
171 177.272 177.491
176 180.836 181.002
182 195.92 196.787
185 192.882 197.885
161 182.767 190.107
158 177.06 186.218
160 179.128 188.477
180 184.175 192.246
189 190.807 198.771
185 198.927 204.871
180 191.938 202.158
170 183.706 196.926
154 176.462 190.545
157 170.761 182.583
176 179.228 185.514
179 188.321 191.206
165 180.27 187.036
151 164.573 177.94
149 167.27 179.578
159 174.034 183.563
162 176.593 186.301
161 171.335 182.19
161 170.301 179.307
148 156.491 165.037
144 151.346 156.503
155 143.799 153.982
132 125.786 135.674
110 113.365 121.94
99.8 106.26 115.09
89.6 98.8284 108.045
79.4 92.0505 101.39
69.2 85.0763 94.6178
59 78.5599 88.1189
59 76.9405 86.0072
62.5 76.594 86.0155
66 76.9016 86.4138
68 81.1177 89.6393
70 83.3324 92.0851
74 83.9054 92.05
81 87.0118 93.2313
87 90.6357 93.507
89 88.3684 89.1572
66 76.6322 79.3677
64 67.4483 72.4331
65 68.2699 70.4092
68 76.8034 76.3398
62 67.9492 69.2848
31 42.0794 47.5001
31 36.2203 42.3055
26 37.4699 42.4248
28 36.1532 39.5242
34.5 36.8746 39.8176
41 37.8431 39.8115
36 36.5434 38.4852
42 36.1898 38.8259
40 37.6935 42.0565
43 40.7591 43.5641
38 46.6406 50.4545
49 50.2217 51.7784
46 46.9133 49.3139
42 43.9602 47.3293
40 42.2498 44.9069
45 43.2367 44.8994
42 43.1173 45.2156
43 44.1697 46.7308
40 47.4559 48.7156
41 49.2193 49.1792
51 47.2552 48.042
55 56.6988 54.1973
51 54.0898 51.1441
49 48.7081 46.5704
43 40.8728 37.8384
34 35.2464 32.8288
25 28.8546 29.1385
27 26.7839 26.7382
32 29.1889 29.0098
34 33.0375 32.8229
36 36.2089 35.6609
25 36.4612 35.3853
17 25.7051 25.9718
17 17.7754 19.0299
13 15.5731 17.4222
12 10.2934 14.6473
11 9.91631 14.1095
10 7.61289 12.9252
13 6.0734 11.1393
19 6.30611 10.9995
19 7.68473 11.2604
23 9.08323 12.6589
18 6.41475 10.8777
23 10.4039 12.6673
23 10.6694 14.1734
27 11.7029 15.2699
24 14.8521 17.5537
26.8 15.1709 17.6281
29.6 19.5673 20.8393
32.4 23.9636 24.0506
35.2 28.36 27.2619
38 32.7564 30.4732
45 36.0294 33.5702
45 37.3223 37.6703
45 43.6279 44.6176
60 55.0905 53.8107
76 70.6115 66.5201
71 70.2802 69.6324
54 63.2404 65.9781
40 47.7085 54.7404
31 41.5405 49.3733
34 40.8896 45.8286
34 38.625 41.7036
36 41.8841 43.006
38 41.2 43.8322
35 41.3004 44.8126
37 42.2718 44.9523
35 45.0506 47.4493
36 44.5927 47.6685
45 50.4136 53.134
56 57.0405 58.5537
72 69.9 66.6588
78 76.5848 71.9069
77 74.7103 71.8737
74 73.9926 73.2234
70 75.0443 74.8525
74 76.544 75.528
69 75.3804 75.5287
71 75.3692 76.253
83 78.4206 78.7664
85 84.4666 84.4732
90 93.8737 95.5529
91 100.075 101.476
104 105.057 107.824
105 107.415 110.178
115 115.552 115.315
126 121.162 118.883
124 126.827 123.689
116 128.847 124.365
117 127.46 122.864
127 128.178 121.997
143 124.378 113.98
118 87.5701 76.3605
30 36.1843 35.7845
20 13.032 18.0219
25 18.0486 21.481
27 27.7972 27.9759
23 29.182 29.9541
19 23.3045 24.4563
25 21.4536 23.4122
23 22.7643 23.4591
25 22.3327 22.2725
18 19.3764 19.531
20 18.5922 18.9907
14 17.6155 18.2585
18 19.9115 20.2543
22 21.4882 22.0809
21 24.8787 24.5919
24 22.9568 22.9435
16 21.625 21.6235
18 18.611 18.9565
17 18.2224 18.6554
21 16.6604 17.1928
18 18.7894 18.9877
17 15.9569 16.1734
17 15.7048 15.371
13 14.7771 14.9289
14 17.5351 17.5513
19 17.6181 17.3951
18 16.5477 16.6946
22 17.5911 17.4095
12 16.83 17.514
16 14.8645 16.2758
19 18.174 18.7671
20 18.5638 18.5028
20 18.9903 18.8515
21 22.6901 22.4282
30 24.0778 22.1489
33 28.2209 27.086
34 31.9364 30.8835
33 34.1191 32.7985
40 37.7733 36.7231
41 39.362 37.4162
43 39.8524 36.4194
47 39.9799 35.8563
39 37.7303 31.9708
12 12.867 13.922
8 6.75245 10.2056
12 7.46987 10.8875
10 6.42294 11.1803
12 7.37312 12.9008
12 12.7416 16.8265
10.5 14.0333 16.1147
9 10.1723 11.1835
7.5 11.5737 11.7622
6 9.98483 9.63678
14 12.8661 12.7005
14 15.476 15.7657
12 17.4077 16.3219
18 18.1901 18.5539
23 21.7718 20.254
26 22.5944 22.4952
25 26.5917 26.6774
36 32.7355 33.4965
50 48.1303 46.68
61 56.432 53.2926
64 59.759 55.7673
70 65.0246 59.5107
71 65.8796 60.77
74 67.9228 62.0005
77 74.2749 66.7822
77 79.9853 71.4397
73 82.1549 72.0608
84 79.6003 71.5842
95 79.2653 73.9471
95 86.9052 81.9636
104 98.182 92.8056
100 113.072 106.466
102 102.737 104.225
87 87.0123 94.4839
72 82.9553 93.9508
85.5 91.9992 96.1401
99 94.3992 96.5731
107 101.631 103.841
110.388888888889 105.005 107.603
113.777777777778 108.378 111.365
117.166666666667 111.751 115.128
120.555555555556 115.124 118.89
123.944444444444 118.497 122.652
127.333333333333 121.87 126.415
130.722222222222 125.243 130.177
134.111111111111 128.617 133.939
137.5 131.99 137.701
140.888888888889 135.363 141.464
144.277777777778 138.736 145.226
147.666666666667 142.109 148.988
151.055555555556 145.482 152.751
154.444444444444 148.856 156.513
157.833333333333 152.229 160.275
161.222222222222 155.602 164.038
164.611111111111 158.975 167.8
168 162.348 171.562
165 171.529 179.24
173 181.68 183.165
184.5 188.653 187.425
196 179.483 176.764
184 187.112 181.533
164 164.465 161.731
116 128.273 132.003
117 139.314 136.258
177 175.377 161.242
231 199.751 182.391
240 218.257 200.714
237 221.381 203.612
234 223.144 205.047
242 223.069 201.724
212 222.604 201.873
201 216.783 198.13
234 211.287 195.691
229 211.375 196.03
216 206.844 189.385
206 203.514 185.814
198 200.98 183.787
218 195.96 180.244
219 196.792 182.658
222.5 203.605 190.183
226 214.146 201.884
205 201.144 191.249
174 165.613 158.093
143 138.506 135.644
112 121.024 122.269
122 114.051 115.695
122.7 115.413 117.658
123.4 116.774 119.62
124.1 118.136 121.583
124.8 119.497 123.545
125.5 120.859 125.507
126.2 122.22 127.47
126.9 123.581 129.432
127.6 124.943 131.395
128.3 126.304 133.357
129 127.666 135.319
129.7 129.027 137.282
130.4 130.389 139.244
131.1 131.75 141.207
131.8 133.112 143.169
132.5 134.473 145.131
133.2 135.834 147.094
133.9 137.196 149.056
134.6 138.557 151.019
135.3 139.919 152.981
136 141.28 154.943
128 134.63 140.473
127 120.246 127.036
104 100.444 111.725
99 92.6449 97.4252
94 84.6204 84.5737
87 80.0306 73.9196
122 103.361 85.3822
133 113.749 94.4164
133 100.454 86.2677
80 64.4254 55.0028
27 19.5752 20.1389
13 16.5322 16.5789
12.5 16.081 18.1197
12 15.9209 18.4941
17 18.001 18.2653
13 13.8789 14.1991
11 10.9948 11.9674
7 11.4419 12.754
9 12.7718 13.447
14 11.4126 13.305
8 10.7805 12.0455
12 10.9206 12.1505
12.5 12.426 13.2847
13 13.0236 12.499
15 13.4244 13.4421
14 15.28 15.6684
14 17.8953 17.336
18 18.6174 17.8553
11 14.6018 14.7597
14 14.4573 14.5695
14 14.2911 14.1554
15 12.7021 12.6354
12 11.4094 11.6171
9 11.1748 11.2026
12 12.129 12.1649
11 11.2885 11.7801
11 10.9793 11.4442
13 11.3972 11.5699
12 16.0803 16.0193
11 14.5335 14.862
14 14.3009 14.6218
14 15.5264 15.5437
17 17.4797 17.2831
20 21.3881 20.3102
17 24.1479 23.1293
21 24.3765 24.1642
20 28.6161 27.0926
28 29.9415 29.4099
29.5 36.6405 34.3526
31 40.2927 37.0945
28 31.8553 31.0126
31.5 34.1884 33.1854
35 36.5215 35.3581
40 37.1264 37.5021
38 39.8623 39.9331
40 45.7256 46.0945
47 47.9315 48.74
51 53.027 54.4718
56 57.4784 57.5513
129.52380952381 70.1108 75.6837
127.142857142857 75.6329 81.0097
124.761904761905 86.5221 91.2149
122.380952380952 103.016 101.437
120 109.817 108.739
116 117.774 110.389
94 104.268 95.8389
62 76.8505 71.4697
36 56.3093 54.0238
26 48.9785 47.4712
37.5 49.431 47.9369
49 50.8228 46.8455
15 25.7707 24.015
27.5 20.6586 19.6542
40 20.9639 20.3399
22 19.2882 18.3636
12 27.8066 25.7747
12 31.0395 27.0789
20 28.5809 25.604
20 31.0389 27.2262
34 49.7063 40.5508
52 52.3575 41.2334
60 54.8689 43.8024
56 54.5272 42.9283
63 53.6963 42.071
61 59.9078 46.1059
61 75.8332 62.706
63 65.8392 53.2491
91 56.8477 52.2916
36 45.6085 42.6751
29 42.2359 43.8484
32.5 39.9985 41.8394
36 40.2853 41.2057
40 43.1958 42.4003
44 44.7173 43.6654
115.5 51.8748 50.1431
187 56.9794 54.7508
52 59.7545 57.6243
43 53.1403 52.7531
42 55.2511 57.7497
42 51.5284 51.5384
44 54.0476 54.8928
50 54.6032 53.459
50 56.5864 55.306
57 61.174 58.1635
64 65.9628 61.3704
66 67.4772 64.6916
61 69.7616 66.4831
74 70.5464 66.8739
74 71.245 67.2861
91 83.7938 82.8027
99 90.1071 86.8491
88 91.908 89.804
84 87.2414 84.6179
81 85.8532 82.7493
80 92.2889 91.4065
64 89.6489 87.1642
48 74.127 69.4374
32 58.4016 53.8235
16 40.9118 39.184
20 35.959 33.1068
16 34.6615 33.0837
13 28.3407 28.6202
18 32.2723 29.7816
16 26.6351 28.0737
20 32.7172 33.6656
20 46.2293 43.2561
53 60.1459 53.2201
86 69.3095 60.3522
85 61.6919 55.227
79 57.3983 49.3571
67 57.8912 52.52
81 57.0514 48.4055
78 62.4796 52.8556
63 71.468 60.1375
51 63.425 60.0808
109 60.5171 58.4534
48 58.5302 54.2773
35 52.2666 51.5078
38 55.6757 55.8061
101 51.7821 53.5908
95.8 55.6565 55.5886
90.6 54.0823 55.2836
85.4 52.6476 56.0373
80.2 58.71 59.7236
75 60.5292 61.0498
85 58.8039 63.081
60 57.922 53.1599
62 63.5646 58.1702
60 65.892 64.3158
44 66.8768 63.9435
31 57.5708 55.257
28 46.7861 43.1128
23 27.6532 25.3859
18 20.2738 18.8488
21 15.3325 13.9849
20 15.7687 14.9953
16.6666666666667 13.8763 13.1354
13.3333333333333 14.1057 13.8743
10 17.3806 16.6529
48 23.5953 22.8458
59 29.5858 30.4504
66 38.5021 36.8127
61 45.3336 44.5421
63 46.7941 45.6844
69 50.5506 49.3308
65 59.4026 54.4819
74 71.0707 64.1109
100 92.2834 79.9602
94 92.5947 86.4902
70 80.2211 84.0051
118 72.3517 79.7502
84 73.1632 76.3544
60 71.6886 79.1939
72 70.4422 78.6441
58 69.2873 74.0613
68 71.8092 74.9745
67 72.3798 72.8338
81 74.1885 74.2995
79 72.3584 72.8193
64 75.56 74.579
68 75.1343 73.7834
71 82.4373 79.8058
74 88.6185 86.4768
86 100.458 97.8294
107 117.366 112.57
115 129.774 125.629
122 141.979 138.621
141 158.874 151.253
143 150.008 149.011
152 145.296 145.536
132 132.853 138.178
125 136.441 140.382
127 125.505 132.879
122 115.082 125.816
128 125.127 130.919
126 134.354 139.455
128 135.085 141.816
131 138.448 146.847
131 149.561 156.091
139 155.772 158.543
152 162.431 164.504
165 171.475 169.29
155 173.765 167.488
112 120.452 131.981
88 104.627 116.745
91 99.7298 109.245
90 99.4679 105.979
95 110.367 112.515
125 128.986 126.787
133 131.095 130.133
134 114.749 120.727
109 105.443 114.157
104 106.758 114.994
103 105.376 112.907
106 109.249 115.864
115 111.481 118.461
115 113.354 120.613
129 117.908 124.154
121 124.385 128.964
131 130.822 137.842
140 142.083 146.177
147 152.893 156.314
150 160.256 161.397
154 159.455 159.284
149 136.044 142.094
97 106.466 121.791
85 100.219 110.447
79 91.0131 98.1764
83 81.9835 85.8637
66 70.6811 75.9759
75 80.5615 82.9963
133 90.9126 90.3063
94 117.585 107.706
67 64.8994 63.9847
66 67.2061 64.983
73 70.5975 66.8616
80 71.9641 67.2794
79 74.315 69.7157
86 75.6217 68.8675
84 77.6999 70.8298
82 81.1884 73.5324
67 73.9255 72.7038
52 72.729 70.9884
57 65.1324 64.6665
63 55.688 54.5074
61 57.2534 52.6311
44 58.402 49.5637
27 56.2397 49.1718
60 50.9578 46.5623
74 50.5412 47.6045
63 50.6954 48.1593
48 54.0053 52.6429
53 53.4622 52.2192
44 55.3631 55.4436
52 59.1894 59.7587
42 59.1965 61.7299
60 61.4672 63.7809
69 65.2175 65.8607
68 74.7528 74.6216
97 74.5562 72.477
98 81.7375 77.5607
86 84.4518 80.0078
94 88.5145 82.6278
89 91.4146 85.1555
97 96.9821 88.1739
104 111.737 101.938
125 123.509 114.365
133 134.006 124.401
142 145.049 134.021
152 146.81 137.527
155 147.278 141.604
163 154.801 150.457
163 151.262 149.323
161 150.196 151.484
157 147.241 154.573
144 176.452 196.362
301 278.15 249.889
121 160.809 144.968
107 112.667 103.797
115 102.432 97.6057
88 113.277 104.879
84 105.965 103.377
83 102.518 99.6531
51 75.7739 70.7737
37 45.665 40.777
44 40.3949 33.5031
24 29.5693 25.2459
15 42.6685 33.9176
21 28.8379 23.9527
21 15.137 13.8475
14 14.5736 13.468
22 15.0252 14.553
10 13.8482 12.0949
10 15.7726 13.6016
14 18.8246 14.4434
7 23.5392 18.1709
7 34.9498 25.3344
62 30.194 23.7213
53 27.6474 23.2157
44 30.2705 26.0724
45 35.3213 32.3682
55 40.9975 40.1945
57.6153846153846 43.1525 42.2149
60.2307692307692 45.3074 44.2352
62.8461538461538 47.4623 46.2556
65.4615384615385 49.6173 48.2759
68.0769230769231 51.7722 50.2963
70.6923076923077 53.9271 52.3166
73.3076923076923 56.0821 54.337
75.9230769230769 58.237 56.3573
78.5384615384615 60.3919 58.3777
81.1538461538462 62.5468 60.398
83.7692307692308 64.7018 62.4184
86.3846153846154 66.8567 64.4387
89 69.0116 66.4591
81 74.7724 71.7916
70 78.8832 75.994
69 86.7739 82.1788
84 87.3976 83.23
79 87.4748 84.3573
75 83.3726 83.5617
72 90.5011 87.4951
82 94.3642 89.1742
90 96.3381 89.2159
95 93.4824 93.7156
108 113.268 118.102
121 124.26 125.218
108 148.281 138.159
105 134.639 124.219
103 135.377 123.858
112 132.908 124.321
114 129.709 123.547
107 131.52 123.243
132 131.368 124.883
126 127.807 122.255
130 138.612 129.813
135 143.545 133.243
140 170.252 157.19
146 174.246 162.168
160 195.042 179.662
189 205.073 187.633
182 203.766 195.468
172 198.623 183.796
154 202.674 181.597
154 190.048 172.832
167 190.926 171.043
187 187.752 166.481
178 178.582 155.769
165 151.528 141.286
51 118.863 113.577
47 110.18 104.355
50 117.99 106.024
107 130.836 111.373
125 125.149 108.514
112 123.024 105.665
96 117.297 102.818
86 107.23 94.0605
76 101.599 88.6017
34 81.1454 74.4138
25 70.3364 66.2912
26 57.4639 59.5074
27 57.1852 54.9268
40 51.4008 50.0789
49 51.4325 54.6648
54 50.4355 52.457
63 52.8413 51.6566
58 75.0318 62.2962
54 66.0108 56.1544
57 60.0996 50.4566
49 51.3986 49.4923
41 43.0474 49.1018
105 85.3386 80.4365
107 95.5241 87.1912
91 90.9771 88.1281
88 83.9275 85.8528
80 80.3653 82.4952
77.75 79.396 80.9289
75.5 78.4268 79.3627
73.25 77.4575 77.7964
71 76.4883 76.2301
68.75 75.5191 74.6638
66.5 74.5498 73.0975
64.25 73.5806 71.5312
62 72.6113 69.9649
59.75 71.6421 68.3986
57.5 70.6729 66.8323
55.25 69.7036 65.266
53 57.4114 55.5563
25 34.7331 33.3171
38 36.2831 30.7965
45 44.8742 40.0955
39 39.92 37.6124
40 45.8443 42.3724
43 47.1313 48.4795
63 60.7492 55.7632
67 67.2758 62.9979
64 74.4299 79.1492
90 109.25 103.57
124 129.738 115.97
111 110.61 103.844
96 98.2014 95.9769
86 89.5665 91.7771
60 78.5227 81.9996
54 68.8989 73.6924
62 72.1547 79.7778
79 71.0622 75.6074
103 77.3054 82.9002
105 75.6731 81.1948
100 83.5485 88.8513
98 96.3324 100.921
108 112.858 111.08
131 119.604 118.328
120 123.573 115.929
99 107.519 98.849
74 77.8822 72.3427
51 55.6204 53.2436
57 48.3989 46.8161
39 50.9421 49.3646
72 54.8773 50.7747
40 33.0435 31.1922
24 23.317 22.2591
23 21.8113 21.1497
18 20.6786 19.7115
18 28.0604 25.9694
21 32.6645 28.6105
37 33.0099 29.9399
35 37.365 33.4335
34 54.8468 45.4963
55 58.0455 46.6981
61 60.861 49.5692
67 61.4562 49.6153
80 61.5604 49.6876
66 68.6123 54.5272
53 83.4395 70.0265
48 73.0085 60.1539
73 60.5392 55.8399
54 48.9426 45.8992
35 42.7344 44.3076
28 39.463 41.276
38 39.7804 40.6651
34 42.9336 42.0783
43 44.766 43.6477
44 51.6921 49.885
47 56.9337 54.615
52 58.8244 56.6068
44 52.5836 52.1344
44 53.6521 56.1212
43 52.4866 52.4317
47 55.1447 55.9318
45 57.6555 56.4185
51 58.889 57.5164
49 64.2174 61.0837
51 69.7803 65.0342
65 71.6143 68.6908
53 74.1998 70.7715
53 76.7799 72.9448
79 78.6149 74.4842
77 90.1925 89.0536
94 98.6846 95.2358
91 98.1483 95.8765
89 93.776 90.981
92 92.5262 89.2457
93 96.083 95.0575
96 94.4815 91.835
85 80.8486 75.9714
51 64.0908 59.3526
34 45.771 43.9422
25 37.8801 34.9392
18 35.1326 33.4896
22 28.7264 28.9729
28 32.991 30.4221
33 43.0958 44.4081
34 45.2868 46.124
17 52.3464 49.2483
61 66.8091 59.6893
62 74.2286 65.0544
61 67.0328 60.3876
55 64.5967 56.3493
58 64.0324 58.496
71 64.3776 55.5185
61 71.4339 61.572
61 84.9451 73.3183
59 71.171 67.665
56.5 66.2997 64.1039
54 63.4578 59.0565
45 55.8365 54.9867
41 57.9809 58.0347
43 52.8558 54.6199
45 56.1287 55.9928
47 54.5021 55.6506
43 53.1176 56.4783
51 59.2444 60.1962
55 61.419 61.8664
52 58.592 62.8462
56 64.7771 69.3671
61 65.8289 68.0276
63 64.1567 66.0403
63 67.3053 67.6387
72 71.5397 69.135
78 77.2039 71.8795
77 82.236 75.9892
79 88.071 77.6275
70 88.476 79.0894
78 87.1186 76.3074
75 90.5592 80.07
78 93.4634 88.2934
75 96.0412 91.9746
94 98.5686 94.0938
94 112.76 101.163
107 116.95 101.011
122 107.866 96.144
102 93.9614 85.9343
81 76.0945 74.0486
60 58.2276 62.163
65 54.6785 54.5848
68 64.6139 60.4355
71 71.0098 67.1838
65 86.9531 82.3831
88 103.629 96.1703
90 108.664 103.3
103 104.522 98.9356
89 102.148 98.537
88 98.1511 92.7955
99 102.878 96.1743
111 106.912 99.065
119 114.961 104.183
124 114.757 105.008
123 117.719 106.39
118 121.567 109.66
133 137.145 124.303
139 152.297 140.282
151 161.816 149.191
172.5 167.105 153.591
194 168.51 156.377
179 157.676 151.946
162 143.087 142.454
141 121.952 122.4
134 107.208 109.398
117 97.5045 98.2527
121 92.9712 95.39
125 87.7547 90.166
121 82.2734 86.9758
99 72.5933 77.9536
95 63.4452 71.9113
82 58.0063 64.3382
82 58.686 66.5452
73 60.2192 65.8577
81 67.3594 70.2422
100 74.0236 74.2221
129 80.5605 79.6118
109 87.4886 84.7351
114 94.0035 90.0452
130 98.6194 95.2214
128 110.318 106.129
141 123.396 118.53
152 133.158 129.062
160 134.274 136.72
167 135.802 134.23
167 133.654 135.704
168 129.628 132.518
160 131.268 135.231
181 123.944 130.151
177 106.224 108.961
149 90.7751 89.1858
50 43.7896 48.5215
55.3333333333333 47.8918 47.0929
60.6666666666667 61.3971 55.5756
66 59.8975 55.5383
50 48.5772 49.2217
52 50.2017 49.888
59 45.5676 46.7386
47 32.3573 38.9088
39 30.0709 36.6029
45 39.7681 42.2568
51 39.5498 41.5765
42 39.7118 42.6643
61 43.2739 45.6377
54 45.5515 46.8657
67 47.9015 49.1679
70 48.0602 49.6051
43.5 48.6274 48.6697
56 57.1116 50.206
52 63.1546 55.3321
62 63.4007 61.115
49 64.9124 60.6588
43 55.5393 52.184
48 46.3859 41.0592
27 26.9867 23.6988
19 19.1196 17.0533
18 14.8059 12.8517
19 14.6389 13.5174
16 13.2696 12.1952
13 13.0988 12.7632
13 16.5787 15.5234
23 22.4128 21.3258
32 27.3452 28.599
43 37.0973 34.6476
45 42.8966 41.7488
41 45.0733 43.4642
49 48.9355 47.1668
49 59.3356 52.2001
58 71.2183 61.1258
89 93.1907 75.3207
91 89.1888 80.3367
72 72.0593 77.5466
61 62.4132 73.1418
62 65.3326 69.9603
53 61.3373 72.2209
56 60.0394 71.933
59 60.9925 67.9153
64 64.3112 68.9012
64 66.7936 67.452
68 68.616 68.777
67 66.9783 67.6467
68 71.2208 69.7983
70 71.1749 69.2159
75.5 78.4649 74.6488
81 83.8416 80.7359
92 95.3715 91.5598
102 112.203 105.248
113 123.498 117.488
124 134.296 129.427
146 151.403 140.352
143 139.726 138.281
144 134.381 134.729
119 119.883 127.606
121 123.74 129.456
111 111.944 122.637
112 100.289 115.855
114 112.125 120.524
115 121.08 128.477
119 121.349 131.11
124 123.561 135.741
142 134.72 144.189
151 142.876 146.894
160 149.754 152.875
167 160.02 157.038
149 162.979 154.094
104 103.242 119.788
89 88.2365 105.611
87 85.7759 99.4392
88 87.8974 97.2858
99 100.325 103.472
128 119.959 116.899
129 120.702 119.404
105 101.333 109.946
96 91.534 104.063
100 93.3738 105.229
99 92.7929 103.649
102 96.8839 106.432
99 98.954 109.032
104 100.727 111.213
111 105.241 114.272
112 112.193 118.846
119 116.858 127.009
128 128.738 134.707
144 139.478 144.505
155 146.778 148.522
155 145.578 145.409
120 119.777 128.47
93 87.8457 109.809
83 84.5162 99.1616
75 77.8899 88.1468
62 72.4914 78.0799
65 62.4126 70.0487
77 73.9168 77.492
86 84.5686 83.7806
84 112.487 98.3872
14 15.0369 20.3632
16 15.8318 21.1512
16 12.5512 19.2023
12 16.5441 19.9128
22 16.379 21.5923
18 17.4056 22.7082
11 17.727 21.7334
16.4 16.2086 19.8556
21.8 20.3261 22.2042
27.2 24.4436 24.5528
32.6 28.5611 26.9014
38 32.6786 29.25
38 34.9659 31.269
38 35.4372 35.9103
48 42.9556 44.3795
64 55.8866 53.9256
74 69.2516 63.0846
62 63.2879 62.2398
51 52.4465 56.4322
34 36.2659 46.6646
31 31.9276 43.5224
36 34.7622 42.0571
37 35.4148 39.9502
37 39.2332 40.8518
32 37.6958 41.5589
39 36.8138 41.9925
37 38.9467 42.8885
38 42.02 45.5358
40 41.7098 46.2413
48 47.2512 51.2479
51 54.6641 56.8493
68 70.8757 65.9732
77 77.9775 70.929
74 75.6044 71.2977
76 72.2269 70.9991
71 72.2423 71.8715
67 72.9526 71.3546
71 72.3503 72.4849
73 72.1838 73.4109
74 75.3985 75.822
78 81.7823 81.6975
88 89.693 92.0854
100 98.5487 100.531
98 101.784 105.783
106 104.827 108.824
119 114.222 113.745
126 121.518 117.998
127 127.542 122.744
135 131.424 124.626
139 134.056 127.101
142 136.978 127.652
138 139.305 123.733
87 109.653 92.8967
33 50.7433 50.1362
17 20.8011 28.2308
21 18.9356 24.0289
28 26.0025 26.2358
31 26.7718 27.8885
23 22.5943 24.288
22 19.9518 22.8451
18 21.1731 22.1816
19 20.989 20.879
21 19.3704 19.5787
17 17.6154 18.1939
19 16.4825 17.423
21 18.1343 18.6231
22 19.527 20.3857
24 23.1101 22.655
21 21.8683 21.8236
16 20.9031 20.8789
17 17.8988 18.397
16 17.0355 17.6576
16 15.6908 16.4624
13 17.3118 17.5829
14 15.4624 15.769
12 15.4688 14.958
14 14.1502 14.3568
13 16.7322 16.7395
14 16.9909 16.642
17 15.8458 16.0494
18 16.7029 16.4106
19 15.0864 16.0821
12 13.4682 15.5507
20 16.9249 17.7821
21 17.889 17.7758
18 19.0064 18.7838
21 21.3995 20.9859
28 24.7704 21.9731
28 27.9836 26.3219
33 32.3341 30.7884
34 34.655 32.7261
41 38.6507 37.1079
44 41.9811 39.1514
50 44.6137 39.6482
50 46.0344 40.0825
50 48.0576 39.7551
21 21.5983 23.1248
10 10.9435 15.9158
8 10.6656 15.5806
6 9.40795 16.2524
10 11.0235 18.9741
11 13.9394 19.8065
13 15.8072 18.793
11 11.4473 12.8968
15 11.5713 11.8314
4 10.4107 9.89359
14 12.9427 12.6874
8 13.9905 14.3801
20 18.0705 16.4903
23 17.704 18.2124
22 22.0488 19.8523
21 21.9085 21.7414
25 26.2952 26.3928
36 33.1291 34.1965
56 49.2021 47.0709
62 58.9164 54.353
64 63.1676 57.3698
71 69.1701 61.18
74 71.4771 64.0732
79 75.758 67.1813
88 84.5423 73.7046
89 90.5983 78.2394
93 94.1976 79.608
96 91.6696 80.0731
97 90.0626 82.353
111 97.1631 89.9892
118 104.763 96.9429
126 110.686 101.057
93 92.4371 94.4616
84.5 74.486 85.1334
76 69.7677 85.4789
84.5 83.7518 89.5983
93 89.3492 92.3735
100 96.4833 99.552
103.166666666667 99.3683 102.992
106.333333333333 102.253 106.432
109.5 105.138 109.872
112.666666666667 108.023 113.312
115.833333333333 110.908 116.752
119 113.793 120.192
122.166666666667 116.678 123.632
125.333333333333 119.563 127.072
128.5 122.448 130.512
131.666666666667 125.332 133.952
134.833333333333 128.217 137.392
138 131.102 140.832
141.166666666667 133.987 144.272
144.333333333333 136.872 147.712
147.5 139.757 151.152
150.666666666667 142.642 154.592
153.833333333333 145.527 158.031
157 148.412 161.471
167 157.025 167.916
181 174.363 176.31
187.5 183.395 181.435
194 176.752 172.664
191 182.832 174.611
174 161.241 157.126
133 127.475 132.697
162 143.943 139.384
208 183.478 162.943
225 206.779 181.59
236 222.386 196.917
236 226.014 200.207
245 226.529 200.255
238 226.953 195.999
236 225.822 195.773
241 219.162 192.11
224 211.881 189.23
229 210.877 188.576
226 209.776 184.444
212 207.924 182.26
207 203.241 178.311
204 202.82 180.034
207 203.679 182.391
212.5 209.724 189.492
218 219.625 201.112
206 205.886 190.921
177.666666666667 167.317 155.944
149.333333333333 137.725 133.311
121 118.577 120.295
118 114.153 116.479
119.15 114.851 118.072
120.3 115.55 119.666
121.45 116.249 121.26
122.6 116.947 122.853
123.75 117.646 124.447
124.9 118.344 126.04
126.05 119.043 127.634
127.2 119.742 129.227
128.35 120.44 130.821
129.5 121.139 132.415
130.65 121.838 134.008
131.8 122.536 135.602
132.95 123.235 137.195
134.1 123.933 138.789
135.25 124.632 140.382
136.4 125.331 141.976
137.55 126.029 143.57
138.7 126.728 145.163
139.85 127.427 146.757
141 128.125 148.35
139 127.76 136.33
115 110.344 120.326
90 87.3507 104.052
91 85.2174 92.2426
92 85.9149 85.7547
75 91.1695 81.9823
124 117.627 90.708
141 128.406 99.4557
126 114.772 93.5144
68.5 79.3167 65.2106
11 26.5205 27.3552
6 15.6819 15.7277
9 11.601 14.6155
12 11.6807 15.4968
16 15.6901 16.066
11 12.8441 13.3104
10 9.25589 10.6965
9 9.05973 11.0045
5 10.6401 11.6334
8 9.56535 12.3746
10 9.39125 11.2694
7 9.3273 11.153
8 11 12.27
9 14.0107 13.2194
15 12.6859 12.7014
15 14.7179 15.2846
15 17.6365 16.7833
12 19.1433 17.9891
12 14.3952 14.6159
12 14.5469 14.7007
7 14.6693 14.4509
10 13.1794 13.0685
8 11.4015 11.6975
7 11.0858 11.1151
8 11.885 11.9261
8 10.8856 11.6072
16 10.5336 11.2148
9 11.2944 11.5396
12 15.6542 15.5468
14 14.2537 14.7265
12 14.1479 14.6121
11 15.5861 15.5971
14 17.5924 17.2796
17 21.0949 19.4623
19 24.1668 22.6205
24 24.1279 23.7879
25 28.4739 26.1691
23 29.728 28.9002
25.5 36.0908 32.6389
28 41.207 36.3949
19.6666666666667 33.2744 31.9899
11.3333333333333 36.3171 34.7914
3 39.3598 37.5928
28.5 41.3876 41.9157
54 41.9875 42.0555
44 45.9618 46.4644
140 48.3911 49.5487
107.666666666667 53.0211 55.1242
75.3333333333333 58.9903 59.0432
72 79.1945 79.6043
75 86.5402 82.2924
78 90.798 83.3746
74 95.511 85.3623
82 89.5171 90.0335
114 108.902 116.21
114 117.624 119.218
102 144.802 130.344
102 132.058 117.146
104 133.13 116.621
122 129.927 117.681
109 125.075 116.321
103 127.498 115.661
107 126.456 117.218
108 123.075 115.198
108 134.44 121.861
114 139.949 125.2
119 168.11 149.392
148 170.718 153.461
178 191.722 169.691
172 201.399 176.365
166 192.726 180.868
151 191.594 170.289
163 198.008 167.619
158 184.65 159.86
171 187.26 158.621
178 185.777 155.147
172 178.471 145.611
171 150.403 135.84
161.571428571429 116.984 109.556
152.142857142857 109.301 101.098
142.714285714286 118.536 101.401
133.285714285714 134.305 106.311
123.857142857143 126.965 103.047
114.428571428571 125.206 100.231
105 118.629 97.8264
95.5714285714286 107.983 89.0511
86.1428571428571 102.706 84.0194
76.7142857142857 80.7784 71.1692
67.2857142857143 69.6557 63.9392
57.8571428571429 54.503 57.5905
48.4285714285714 53.7413 50.5015
39 47.6652 45.7676
55 44.5495 49.2325
48.3333333333333 44.8913 47.8301
41.6666666666667 48.8807 47.1751
35 75.1678 56.7222
33 65.1688 50.8907
28 60.3619 46.4239
32 50.0432 47.3699
39 39.847 48.7588
101 84.4476 77.5243
88 94.0716 82.1226
77 85.7971 81.7549
78 76.4966 79.3601
75 73.2418 76.4044
73.0909090909091 72.8108 75.1126
71.1818181818182 72.3798 73.8208
69.2727272727273 71.9488 72.5291
67.3636363636364 71.5178 71.2373
65.4545454545455 71.0868 69.9455
63.5454545454545 70.6557 68.6537
61.6363636363636 70.2247 67.3619
59.7272727272727 69.7937 66.0702
57.8181818181818 69.3627 64.7784
55.9090909090909 68.9317 63.4866
54 68.5007 62.1948
49 56.4273 53.8709
32 33.6566 31.6642
44 36.779 28.8705
29 44.249 37.3659
27 38.3632 35.0524
34.5 44.3705 39.3773
42 43.4209 45.4248
55 59.4177 52.2597
66 66.2548 60.1654
77 70.9276 77.9657
106 106.909 98.8552
134 128.821 109.034
90 106.07 96.369
81 91.4552 88.2982
71 80.4867 83.7223
56 69.5758 74.6356
51 60.905 67.8951
48 62.2088 73.2915
51 63.7087 70.3603
56 68.8293 77.0048
176 178.901 179.269
183 182.822 183.112
187 191.967 193.448
181 183.881 192.051
164 171.355 183.296
167 167.453 182.293
171 168.27 183.431
169 176.44 189.528
184 187.447 200.335
188 199.184 208.811
183 189.024 205.546
169 179.132 200.478
159 170.149 192.884
153 167.688 186.766
171 177.907 188.081
184 184.9 189.633
173 173.907 184.897
149 153.533 175.155
149 152.672 172.619
163 157.797 173.298
155 160.049 175.847
153 156.271 173.893
155 158.842 173.465
154 148.411 162.265
152 144.283 152.681
107 126.212 142.753
62 106.707 122.785
96 96.7174 110.671
91.1666666666667 90.2937 104.648
86.3333333333333 83.4778 98.4438
81.5 77.4462 92.6008
76.6666666666667 71.1793 86.6495
71.8333333333333 65.4615 80.9509
67 63.4534 78.1571
65 64.4728 79.7345
63 66.2766 81.6728
67 70.4079 84.2145
68 72.6805 86.8597
66 75.0516 88.2401
71 80.8487 90.9262
72 89.5217 94.1826
85 90.087 91.3804
60 80.384 84.7887
61 74.3634 82.3615
75 79.8988 83.2812
89 87.2097 86.4147
69 70.6145 72.7688
47 41.9003 50.6233
25 30.2515 40.0891
31 31.8811 39.8922
41 31.4826 36.9547
42 33.2562 38.0258
33 34.9279 38.131
36 36.3055 39.4461
33 35.7985 40.0541
37 37.023 44.0604
40 43.5993 48.108
45 48.7387 54.877
59 54.2288 56.7252
45 49.5211 53.3812
55 45.8426 51.2548
43 42.0775 46.3614
36 42.6778 45.3725
43 42.4955 45.8892
47 43.4704 47.607
44 48.325 50.3576
53 52.0612 51.9942
41 49.7674 51.0319
56 59.8855 55.867
59 58.9956 54.2512
56 53.5255 50.081
48 48.9811 44.0521
48 41.3851 37.4685
33 33.2434 33.6738
38 31.0428 30.9524
37 32.6799 32.3842
36 36.3385 35.9809
34 38.5367 37.6501
41 41.0875 39.3358
31 31.8456 32.2373
7 26.6972 28.6579
6 25.1931 28.0947
10 19.709 26.6303
9 19.1067 25.7692
11 18.0425 26.4899
12.5 17.7995 25.8403
14 18.8338 26.2694
196 226.65 203.484
210 233.229 211.229
231 244.276 224.164
219 229.222 212.979
186 185.458 173.153
142 152.518 147.811
129 131.452 133.435
133 127.754 130.358
133.7 128.389 131.979
134.4 129.024 133.599
135.1 129.659 135.22
135.8 130.293 136.841
136.5 130.928 138.461
137.2 131.563 140.082
137.9 132.198 141.703
138.6 132.833 143.323
139.3 133.468 144.944
140 134.103 146.565
140.7 134.737 148.185
141.4 135.372 149.806
142.1 136.007 151.426
142.8 136.642 153.047
143.5 137.277 154.668
144.2 137.912 156.288
144.9 138.547 157.909
145.6 139.181 159.53
146.3 139.816 161.15
147 140.451 162.771
141 140.88 150.403
118 120.342 131.439
87 94.408 112.858
86 92.922 100.745
95 96.3725 96.232
96 105.095 94.9729
131 133.011 103.539
141 144.865 113.181
124 130.804 107.496
108 92.7178 77.1712
16 32.8112 33.6312
10 17.1195 17.1912
15 11.452 14.8118
14 11.7828 16.0129
13 16.5344 16.9905
14 13.9434 14.4768
5 9.79198 11.3951
3 9.37165 11.5336
3 11.0856 12.208
3 10.3192 13.4143
3 10.1722 12.2467
7 10.0013 12.0218
8 11.8477 13.2614
8 15.9328 15.0654
11 13.8229 13.8604
20 16.2606 16.8971
14 19.4117 18.4976
9 21.3908 20.1382
14 16.0005 16.2537
12 16.2903 16.4662
13 16.4925 16.2579
14 14.8931 14.7737
10 12.7627 13.0921
13 12.3295 12.37
15 13.1539 13.2103
11 12.0831 12.8826
12 11.6648 12.4203
14 12.5924 12.8684
17 17.2518 17.1518
18 15.8525 16.3807
16 15.7896 16.3069
14 17.4121 17.4335
14 19.6187 19.2873
17 23.1223 21.3614
21 26.702 25.0323
21 26.7427 26.3923
20 31.3064 28.8157
19 32.922 32.0418
18 39.4273 35.6988
34 45.5562 40.3265
32 37.5275 36.1286
33 41.1963 39.5255
34 44.8651 42.9224
36 48.1464 48.6824
36 47.7873 47.8556
44 51.4523 52.0255
45 54.3714 55.6567
51 59.4875 61.8134
57 66.4755 66.5482
63 69.5036 68.1529
67 72.7175 69.2764
74 77.8046 71.9403
76 80.5299 73.1415
74 82.6742 75.4285
70 86.1221 75.419
74 89.0692 78.1787
80 93.1017 80.9586
70 84.0209 82.1534
57 80.3049 77.63
53 71.3346 70.6868
52 60.8893 59.0908
47 64.4226 57.1141
62 65.8555 51.8075
57 64.1236 52.898
48 57.0183 50.0634
45 54.3044 49.6969
47 53.5878 49.6291
56 55.3772 53.3138
47 53.8281 51.9605
45 55.6295 55.8828
55 59.6685 60.7095
58 58.8383 63.0226
61 62.3117 66.1378
63 67.9697 69.1245
64 78.0144 77.9514
72 80.7726 77.57
74 89.8651 83.308
79 94.0106 87.0259
79 99.3478 90.0594
85 103.233 93.351
98 110.828 96.8633
99 126.243 110.723
111 138.063 123.616
129 147.964 132.809
136 158.138 140.746
144 158.493 143.904
134 154.092 145.304
139 158.735 152.118
138 153.939 151.162
144 152.143 154.525
130 145.157 157.223
127 149.322 181.75
330 308.397 263.648
133 191.311 166.119
85 120.407 106.43
91 108.4 100.871
87 119.75 106.532
88 111.968 108.02
93 110.882 106.467
63 85.4295 77.5305
35 51.2799 43.5249
19 45.6428 34.6677
14 32.8643 25.9872
10 45.1849 31.2416
11 30.2086 22.4373
10 16.2721 14.2313
10 16.8137 15.0598
7 16.4736 15.7383
8 15.4431 12.6546
7 17.4584 14.0073
9 21.674 14.6872
8 27.3465 18.7752
3 41.005 25.6718
12 35.3325 25.0191
20 31.6604 24.6175
20 34.7335 28.0658
22 40.4466 35.7709
35 48.6542 47.4042
38.7692307692308 50.6356 49.177
42.5384615384615 52.617 50.9498
46.3076923076923 54.5984 52.7225
50.0769230769231 56.5799 54.4953
53.8461538461538 58.5613 56.2681
57.6153846153846 60.5427 58.0408
61.3846153846154 62.5241 59.8136
65.1538461538462 64.5056 61.5864
68.9230769230769 66.487 63.3591
72.6923076923077 68.4684 65.1319
76.4615384615385 70.4498 66.9047
80.2307692307692 72.4313 68.6774
84 74.4127 70.4502
77 82.0272 77.3808
78 86.0436 81.5529
81 95.5162 88.3054
80 96.4076 89.8659
84 94.7992 89.9539
71 76.875 85.4458
76 87.0086 95.2431
90 101.79 108.948
102 121.45 118.918
110 127.765 126.019
130 131.198 119.762
105 113.492 100.47
59 80.5394 72.2511
28 55.306 51.8091
35 47.8873 45.5845
38 52.403 50.1014
280 60.064 53.8971
127 40.5019 37.6873
89 26.0619 24.4757
73 22.6231 21.6559
65 22.1945 20.7532
62 28.9545 25.8225
67 35.8476 29.7141
56 38.3707 33.7209
69 44.9423 38.968
70 63.8649 49.6631
58 68.5975 51.3483
60 71.631 54.4728
68 73.4124 55.4026
74 74.4348 56.3671
86 83.3544 61.9178
123 96.5222 76.1598
109 85.5435 66.0147
109 65.6011 58.5311
101 52.9723 48.4068
93 41.6837 44.179
84 37.3414 40.2038
77 38.1739 39.6226
69 42.4314 41.2277
70 44.6736 43.0693
69 51.6256 48.9954
70 57.1853 53.782
62 58.1385 54.9009
56 51.423 50.8692
54 49.9231 53.8345
59 52.5802 52.6156
57 54.8824 56.2106
56 60.3117 58.5365
61 60.8732 58.9006
58 67.7631 63.1039
67 74.837 67.7181
70 75.9839 71.65
60 79.0855 73.9818
79 83.5699 77.8399
69 86.6282 80.4426
89 95.4944 93.9145
105 107.175 102.069
120 103.768 100.478
108 100.027 95.9248
111 99.19 94.3399
104 98.7158 97.3429
121 98.9998 95.1417
96 88.5985 81.2725
77 71.044 63.902
43 50.6812 47.949
47 40.6734 36.2505
33 35.8842 33.4489
35 28.4979 28.9392
31 34.5079 30.6463
33 57.5837 59.5323
34 56.2341 57.5017
75 59.0343 54.3727
69 75.92 65.1377
68 82.6234 68.7357
61 74.6118 64.5695
46 74.8578 62.3431
47 71.8437 63.4858
49 75.0899 61.639
81 84.1319 69.1553
98 102.722 85.0403
97 79.3395 74.082
83 71.9589 68.7088
69 69.507 62.8891
71 58.8177 57.6222
64 59.2275 59.4296
60 52.0908 54.9061
62 55.737 55.6611
51 53.4067 55.2874
54 50.9219 56.1755
69 58.2866 59.876
71 61.036 61.8552
59 55.1755 61.8122
65 63.9896 71.2312
65 67.5479 71.0784
58 63.5842 66.6478
66 68.2144 68.8754
72 74.9169 71.3305
80 82.8208 74.7106
85 88.4258 78.8939
86 98.3364 82.2918
88 97.978 83.5762
90 97.8681 81.252
107 102.202 86.082
117 103.234 95.371
96 110.569 104.376
97 110.781 103.977
112 125.518 107.716
114 132.246 107.714
111 122.564 104.539
97 103.471 91.1862
71 81.3647 78.3303
45 59.258 65.4745
69 56.9745 56.9336
196.5 70.8297 64.4522
324 77.5231 71.7058
246 96.0606 89.1042
194 113.47 102.073
142 115.965 107.843
90 111.424 102.948
97 108.865 103.444
101 107.508 99.3543
105 113.492 103.253
114 118.805 106.795
110 131.092 114.532
110 129.484 114.525
117 134.607 117.19
141 138.907 120.601
167 156.453 136.723
172 170.302 151.898
185 179.407 160.085
200 183.642 162.969
215 182.699 164.184
145 161.951 153.413
165 140.723 140.094
104 117.778 118.781
91 103.398 107.065
85 97.2248 98.6054
76 91.5222 95.4824
75 85.1691 89.1117
67 74.6073 82.1299
52 65.5231 74.0397
52 61.937 75.1809
49 53.4731 63.4302
86 52.7631 65.094
61 58.1676 67.0337
61 68.0107 72.6041
70 76.1431 76.5892
76 83.5561 82.2357
79 92.6742 88.5583
85 100.168 94.1951
90 104.832 99.7371
122 117.059 110.765
112 131.779 124.441
153 138.604 132.514
141 130.421 134.528
128 136.952 134.81
120 130.187 133.683
165 126.482 131.27
163 126.418 132.889
143 117.269 127.216
130 107.5 111.977
92 98.228 95.9176
61 46.2083 53.6074
53 50.043 48.9031
59.5 66.7807 57.8732
66 65.9201 59.2661
47 52.3514 53.4353
54 53.222 52.8314
53 46.1128 48.0246
30 29.5273 39.7639
19 27.865 38.0604
42 40.3793 44.3155
39 40.8867 44.1026
28 40.6617 45.3128
36 43.6271 47.3809
44 45.8446 47.9802
75 48.0068 50.076
65 48.0991 50.599
42 49.639 49.8058
