94 83.1666 90.2916
77 85.8595 84.3785
89 85.7405 77.8634
110 86.5684 70.4284
116 83.647 68.3069
109 82.5314 66.8768
108 84.9993 70.1821
101 84.1108 74.0585
100 82.475 78.5008
110 86.1252 79.9893
109 89.2767 85.299
99 96.2767 95.7003
99 106.176 106.237
109 107.58 109.069
103 108.33 113.439
107 114.284 117.401
107 114.373 116.242
106 113.226 114.102
121 121.106 116.043
111 124.986 120.591
123 130.825 128.679
142 132.171 134.397
145 141.745 140.17
151 145.318 144.892
163 148.652 136.582
172 146.685 122.861
171 139.384 111.532
176 128.411 100.735
178 127.18 100.2
170 126.075 103.612
181 130.233 107.724
170 135.215 112.369
174 137.218 115.755
136 119.295 112.51
31 90.2467 75.0266
18 80.8902 50.7941
20 56.0321 40.016
42 51.1722 40.4122
85 83.3548 70.9262
111 106.574 96.7686
93 105.514 103.192
66 80.516 83.0293
38 48.8238 56.6328
32 31.241 48.4408
22 27.0166 28.9857
22 24.4459 25.8218
22 22.3316 26.5007
19 21.0848 27.7961
33 24.8102 29.0951
26 25.8498 30.2623
31 26.5273 32.1722
37 30.4347 36.9803
48 30.9942 40.1587
46 28.2937 45.2897
44 23.7791 56.5517
58 25.911 57.6608
45 31.3999 45.3778
45 29.8499 55.3998
52 32.7908 65.1368
37 51.0394 83.5236
47 67.9643 109.629
82 83.6671 126.616
105 107.577 138.118
112 114.366 144.339
134 121.168 145.667
117 113.872 125.91
65 107.513 102.066
65 83.8879 90.0336
75 72.2921 87.6444
71 88.531 91.8372
64 70.7752 86.4356
62 74.0489 92.0135
65 76.8589 100.781
75 81.0678 111.41
113 86.8953 113.176
136 102.554 112.812
131 96.4457 111.445
123 100.808 114.67
121 103.71 118.792
116 107.204 120.601
110 110.312 122.411
121 111.076 124.572
115 114.521 128.717
123 124.041 135.245
143 133.187 145.609
151 154.905 158.139
160 156.779 159.306
14 26.5198 19.7906
14 27.2842 20.6116
10 26.9772 18.7534
15 23.7242 19.3186
18 27.5512 21.2321
19 28.8178 22.1741
18 26.3789 21.0606
16 24.0303 19.4571
20.8 24.1599 21.8779
25.6 24.2896 24.2988
30.4 24.4192 26.7197
35.2 24.5488 29.1405
40 26.2466 31.0806
45 35.9633 35.5075
40 45.4419 43.8933
46 50.64 53.5067
58 54.5594 62.6078
77 60.1538 61.4719
80 60.6523 55.6034
46 58.9276 45.7289
38 57.2768 42.6088
33 50.4711 41.3415
33 44.9606 39.3381
36 42.2793 40.2031
32 45.7947 40.7245
33 47.7535 41.3631
34 47.1537 42.1488
38 49.2431 44.7055
31 51.1645 45.4378
39 55.4297 50.4758
52 58.7584 55.9165
51 58.9802 65.1503
52 61.2026 70.1692
58 64.9459 70.4235
57 68.4067 70.2195
62 70.3912 70.9059
64 68.4331 70.3008
63 71.6248 71.4916
63 73.8654 72.4362
66 75.2766 74.7719
73 80.4608 80.5078
83 93.7358 90.7508
85 101.493 99.1675
101 109.224 104.134
95 112.142 107.28
101 111.443 112.388
107 111.882 116.661
102 115.024 121.227
94 114.331 123.26
90 116.498 125.707
88 114.107 126.308
58 102.562 122.399
12 70.8431 91.2787
20 48.644 48.7723
25 36.8879 27.3901
30 29.9039 23.5822
29 26.1381 25.9548
31 28.8412 27.6303
22 26.0274 23.9228
19 26.0752 22.5162
24 23.1502 21.7658
26 20.4682 20.5541
24 19.5235 19.3571
16 18.6537 17.9207
18 18.3051 17.246
18 18.9513 18.464
17 21.1442 20.1797
25 21.7793 22.412
17 21.4619 21.5152
17 20.5984 20.4534
16 18.7561 18.1121
16 18.1944 17.3782
18 17.1721 16.2327
16 17.721 17.2175
14 15.9293 15.505
13 14.1507 14.6689
12 14.4057 14.1576
14 16.5428 16.4062
13 16.0042 16.3436
17 16.0676 15.8699
18 15.808 16.2495
12 17.0598 15.9707
8 17.9251 15.2377
20 18.557 17.6204
18 17.3446 17.6431
19 18.2474 18.5066
21 20.197 20.7188
189 154.021 180.485
194 162.217 187.658
187 175.693 199.198
179 169.887 189.052
153 139.618 155.023
137 126.005 131.864
109 120.641 118.559
105 117.481 115.036
108.65 120.144 116.565
112.3 122.807 118.095
115.95 125.47 119.624
119.6 128.134 121.154
123.25 130.797 122.683
126.9 133.46 124.213
130.55 136.123 125.742
134.2 138.787 127.272
137.85 141.45 128.801
141.5 144.113 130.33
145.15 146.776 131.86
148.8 149.439 133.389
152.45 152.103 134.919
156.1 154.766 136.448
159.75 157.429 137.978
163.4 160.092 139.507
167.05 162.755 141.037
170.7 165.419 142.566
174.35 168.082 144.096
178 170.745 145.625
144 144.737 134.292
96 130.862 118.131
117 123.109 101.367
114 99.5511 90.4996
91 84.2433 84.7451
39 69.6881 80.589
42 56.3969 91.4752
30 62.52 100.394
41 66.1198 93.8173
45 46.804 65.3924
35 28.1957 25.7532
15 15.723 14.9529
15 18.1003 14.2764
25 19.9187 15.1339
18 16.3612 15.7327
8 13.7058 13.0471
10 12.3522 10.3211
7 13.3001 10.5127
5 12.8381 10.9577
8 15.7392 11.712
6 13.4726 10.7631
6 13.2736 10.7016
6 13.7146 11.7917
9 12.1925 12.6486
5 12.544 12.5148
7 15.6936 15.1801
17 15.5947 16.348
14 16.5161 17.1605
11 14.7088 14.2554
17 14.7377 14.2564
12 14.0696 13.8927
10 12.7713 12.7588
11 11.9471 11.309
12 11.0113 10.8515
12 11.8049 11.6995
10 12.3486 11.2674
7 11.8361 11.2094
14 11.6636 11.3391
13 15.2273 15.2192
11 15.0667 14.561
15 14.977 14.3176
9 15.4547 15.1146
17 16.7379 16.7544
16 17.3023 18.9759
17 20.5328 22.0609
24 23.0921 23.2903
21 23.1529 25.4813
28 27.7042 27.8677
16 28.319 31.3675
36 30.2485 35.4145
29 30.1168 30.9961
32.5 32.7091 33.3015
36 35.3013 35.6069
32 42.1504 40.4172
31 41.5209 41.4477
39 46.4884 45.4726
37 49.5127 51.4915
100 56.4728 55.7343
75 58.1705 58.4362
72 58.0745 59.526
63 56.6295 60.5017
56 55.8818 62.7882
52 54.8782 63.6807
58 57.2253 65.5912
61 52.9823 65.2393
59 54.7899 67.1997
46 55.788 69.6288
69 67.3429 68.7194
84 63.8807 65.4886
75 60.2489 60.0067
60 49.2199 51.1714
62 41.3417 49.3299
38 29.821 45.9689
49 33.099 45.357
38 35.8 43.9092
32 39.0131 44.7331
34 39.8939 44.7044
37 45.5825 48.0255
44 45.2114 47.262
41 50.7475 49.8263
60 55.6888 54.214
58 61.0208 55.7403
59 62.9954 58.4993
67 62.2843 60.8988
71 68.936 68.3052
66 64.2225 68.2726
64 65.3089 72.8583
64 67.3795 75.0669
54 67.3956 77.6732
60 69.2027 80.0635
56 67.4404 83.4493
64 78.3196 95.3544
108 91.0352 107.072
103 98.9077 116.129
109 104.513 124.259
119 110.692 127.703
129 120.069 130.099
130 129.831 137.373
144 133.193 136.437
168 141.306 138.752
174 154.986 140.651
217 209.469 170.074
311 180.842 235.744
234 111.042 137.093
157 79.6731 94.689
80 81.5077 90.1248
101 80.9696 94.7256
122 91.095 94.2701
93 87.907 91.9217
53 57.7812 65.5031
36 29.3469 37.605
25 18.8506 30.7062
16 15.6026 22.7776
15 14.1973 28.6123
18 12.5392 20.7988
9 10.5143 12.8258
3 10.882 12.6391
19 12.9687 13.6026
3 8.08145 10.966
4 8.67157 12.1571
17 5.41703 13.0172
13 7.13236 16.0013
4 6.04139 21.8045
12 10.8841 22.8839
3 13.9476 22.4442
25 17.1264 24.7302
18 25.613 30.5683
33 37.9246 39.089
34.5384615384615 39.4102 40.9267
36.0769230769231 40.8957 42.7644
37.6153846153846 42.3813 44.602
39.1538461538462 43.8669 46.4397
40.6923076923077 45.3524 48.2774
42.2307692307692 46.838 50.1151
43.7692307692308 48.3236 51.9528
45.3076923076923 49.8092 53.7904
46.8461538461538 51.2947 55.6281
48.3846153846154 52.7803 57.4658
49.9230769230769 54.2659 59.3035
51.4615384615385 55.7514 61.1411
53 57.237 62.9788
76 61.9564 67.4686
60 65.8515 70.6648
66 68.5938 76.1169
74 70.6182 77.6323
69 73.0637 78.2255
59 78.8928 77.9843
55 75.9095 80.4667
63 73.1797 81.8754
47 71.8902 83.8348
58 89.3266 88.5352
71 123.014 114.023
76 119.324 117.247
76 111.039 126.775
93 97.4414 114.489
114 94.9881 114
81 101.002 115.775
85 104.061 114.215
93 99.7199 113.213
85 104.504 115.562
84 104.081 113.529
87 105.041 119.817
90 105.679 123.231
107 124.698 145.824
117 130.255 150.655
146 140.297 166.951
253 143.545 173.868
252 164.095 177.671
199 142.314 167.146
187 128.473 164.458
165 127.581 157.14
147 121.61 156.782
148 115.737 154.402
132 103.588 145.128
96 115.776 135.628
39 97.819 107.458
64 88.5738 99.2475
49 78.2784 99.3573
48 70.4813 105.433
38 72.4228 102.727
37 68.3902 99.4395
38 71.0565 96.4336
36 64.6967 87.7441
40 60.0522 82.5051
32 58.1377 69.0246
30 55.7112 61.7864
24 60.1681 55.6817
49 45.7476 48.9151
32 42.8705 44.6808
28 54.1599 48.6428
40 50.731 47.301
20 44.6022 46.7912
48 33.9062 55.2653
25 33.1676 49.6955
54 29.202 45.5131
40 43.5798 46.2317
26 58.748 47.4471
35 67.7808 77.8473
69 66.4836 81.7916
92 75.7659 80.6416
108 81.7182 78.3688
100 79.1338 75.295
96 76.8178 73.9737
92 74.5018 72.6524
88 72.1858 71.3311
84 69.8698 70.0098
80 67.5539 68.6884
76 65.2379 67.3671
72 62.9219 66.0458
68 60.6059 64.7245
64 58.2899 63.4031
60 55.9739 62.0818
56 53.6579 60.7605
52 49.9586 52.8476
43 28.7228 30.9653
14 18.745 29.1477
20 28.6152 36.7879
18 30.6209 34.4013
21 32.8056 38.646
47 47.1764 44.541
39 42.8369 51.865
42 51.8071 59.6044
40 85.0353 76.2426
63 87.4069 97.213
70 83.2642 108.523
60 83.3977 95.1548
79 83.3503 86.9695
72 86.6303 82.141
61 79.8581 72.4871
74 75.4758 65.9171
68 85.8761 71.0721
64 77.6265 68.9844
68 86.1469 76.0319
39 41.4359 45.0247
27 43.4589 47.3075
32 51.2292 52.325
47 49.596 51.2654
37 43.6713 44.8898
44 31.8518 34.4272
30 20.6379 22.2922
23 17.5323 18.5774
19 12.3816 13.5171
23 14.6451 15.3515
13 11.4296 12.0671
14 12.6935 12.8578
9 13.9148 14.3167
16 20.361 21.2171
26 27.6893 27.4588
31 31.1541 32.8463
26 38.4976 39.3113
25 36.7995 37.7516
28 38.9747 40.1082
32 39.6311 43.2219
54 46.8401 51.8839
66 59.7661 69.061
91 73.468 78.1132
89 79.1 76.136
75 81.1161 76.0484
72 74.2581 71.9226
68 80.2029 74.274
83 79.8523 73.6271
81 72.2404 68.4828
64 71.7657 69.334
60 65.9842 65.5339
68 67.6399 67.624
61 65.6485 65.378
68 63.7216 64.2701
61 62.3699 63.2832
64 67.3401 69.1379
78 73.9354 75.3304
80 82.7401 84.4946
82 94.528 97.8427
97 106.089 108.856
114 118.541 120.66
121 130.188 135.626
127 132.993 133.725
144 132.444 132.519
144 129.831 125.804
131 131.244 128.109
140 126.682 121.137
137 123.803 116.001
133 125.072 120.776
126 131.656 127.615
123 133.333 128.14
141 139.118 132.718
126 146.439 141.436
137 144.66 142.522
144 149.942 148.124
143 152.557 153.965
155 152.313 156.351
101 137.813 128.645
85 124.253 114.574
87 112.905 105.337
85 104.51 99.2237
88 106.835 104.779
98 116.698 118.215
99 123.089 123.707
103 122.482 117.918
123 117.038 110.246
125 115.815 109.366
117 112.084 106.176
114 113.964 108.714
118 115.967 110.424
124 117.397 111.676
119 121.15 116.33
127 123.423 119.608
123 133.575 127.958
128 139.212 135.732
139 146.442 143.517
132 152.144 150.95
143 153.955 153.815
147 146.707 141.896
109 133.176 121.166
75 119.595 111.32
65 105.029 99.1348
64 86.7079 83.37
58 74.2774 70.0791
71 75.1589 73.1344
99 83.1298 83.8953
89 96.0706 102.644
156 168.349 168
166 171.643 171.367
172 188.129 187.183
170 192.565 188.553
183 186.928 181.106
183 184.023 176.993
178 186.551 179.432
178 188.683 182.332
171 194.053 187.847
182 197.909 193.058
197 198.471 190.534
212 195.495 185.268
215 190.24 179.368
195 180.695 171.471
172 180.039 175.058
174 183.973 181.582
187 182.812 177.54
185 178.816 168.601
176 180.435 171.014
170 183.037 175.816
156 185.689 178.135
160 182.18 173.827
163 177.691 170.705
158 163.344 156.889
143 153.125 149.214
145 155.344 147.161
156 137.788 129.35
147 124.022 117.393
138.333333333333 117.541 110.772
129.666666666667 110.967 103.97
121 104.578 97.5319
112.333333333333 98.1334 90.9847
103.666666666667 91.8181 84.6929
95 89.5616 82.7556
86.3333333333333 89.4744 82.3612
77.6666666666667 89.5718 82.3317
69 92.0799 85.5645
94 94.5047 87.7993
101 93.7333 87.3999
103 93.2308 88.3105
98 90.5225 87.9466
101 84.7921 84.0019
76 76.0577 73.5588
70 70.2435 66.2345
73 65.8588 64.1538
44 70.3034 70.6349
49 66.0829 64.9851
50.5 48.3489 44.3812
52 44.7759 40.1098
43 44.2334 40.4686
29 40.4962 38.1085
36 40.3231 38.2404
32 39.496 37.9424
33 37.7319 36.2388
49 38.4597 36.4046
37 42.618 39.3234
42 42.4374 40.2478
29 49.702 46.7553
44 49.3841 48.276
32 47.6884 45.7844
35 46.6535 44.2905
33 44.2291 42.243
42 43.6484 42.2405
45 44.2978 42.6968
33 46.0399 44.1646
37 46.7796 45.7321
32 46.1479 46.1733
37 45.4996 44.7312
47 49.3902 51.1262
48 45.9625 48.0966
44 42.1319 43.7156
39 32.6492 34.8642
17 28.7043 30.6021
21 27.0191 26.7824
32 24.647 24.7941
32 26.8436 27.0343
29 30.4351 30.557
25 33.0778 33.3601
13 32.1195 32.8892
13 23.6463 23.4331
10 16.869 15.6045
7 15.5577 13.8702
11 14.5094 11.1533
11 13.951 10.7
3 13.2649 9.2563
8.5 11.2019 7.413
14 10.7087 7.20612
13 10.4211 7.57984
10 11.9165 9.09323
11 11.0602 7.56626
12 11.2273 9.36827
6 13.6902 11.0073
4 14.6586 11.8399
24 16.9632 14.6885
3 17.5574 15.5847
11 19.9189 18.9185
19 22.2803 22.2524
27 24.6417 25.5862
35 27.0031 28.9201
43 30.0243 32.0309
42 35.7788 35.5067
43 42.3072 41.5621
48 49.0726 50.2095
72 59.7305 63.0557
80 66.2998 66.6993
67 66.0906 63.7463
45 58.4688 52.6535
37 53.4595 47.0352
30 47.3924 43.3736
33 41.5621 39.0752
35 41.3278 40.3646
29 43.2179 40.9637
39 45.0936 42.2657
44 44.3023 42.0742
45 46.3104 44.2809
49 46.9343 44.3941
44 51.9245 49.7037
44 55.8941 54.577
54 59.5166 62.0724
58 63.4168 67.1702
73 64.6484 66.9031
64 68.0545 68.7177
65 70.1428 70.2406
62 70.4232 71.0903
67 71.0475 70.8605
75 72.2553 71.5113
72 74.1753 73.8213
78 79.1236 78.998
75 90.9096 89.4583
77 95.5073 94.3522
94 102.649 100.297
97 104.71 102.457
95 107.333 107.564
96 108.891 110.77
106 112.628 115.111
112 111.932 115.603
108 109.289 113.117
109 106.845 111.975
49 94.9113 103.366
15 56.9564 65.8124
20 28.2883 28.4322
20 17.3812 13.3636
24 21.8068 19.0736
23 26.6404 26.5057
31 29.0688 28.4806
22 23.6304 22.6851
16 23.4192 21.8432
28 22.6159 21.9753
18 21.0013 20.9915
20 18.2448 18.1438
17 18.1534 17.8021
16 17.7202 17.2291
14 19.594 19.3399
21 21.4864 21.0255
27 23.1935 23.4119
20 21.5896 21.5694
15 20.1937 20.0953
22 18.0032 17.6941
14 17.9157 17.5282
18 16.5693 16.1345
18 18.1043 17.8494
18 15.2611 15.0504
11 14.0745 14.2698
15 14.1261 13.9949
13 16.4703 16.3791
15 16.1389 16.2562
16 15.82 15.7033
15 16.33 16.4897
18 17.2642 16.7559
20 16.3621 15.1752
20 18.1994 17.761
13 17.3833 17.4785
16 17.3923 17.4731
17 21.0405 21.2162
207 158.572 170.119
197 166.282 177.357
212 178.072 188.259
174 169.909 178.176
167 141.811 148.422
146 124.478 126.859
113 114.953 113.826
98 108.442 107.182
101.6 110.837 109.063
105.2 113.231 110.944
108.8 115.626 112.825
112.4 118.021 114.705
116 120.416 116.586
119.6 122.811 118.467
123.2 125.205 120.348
126.8 127.6 122.229
130.4 129.995 124.11
134 132.39 125.99
137.6 134.785 127.871
141.2 137.18 129.752
144.8 139.574 131.633
148.4 141.969 133.514
152 144.364 135.394
155.6 146.759 137.275
159.2 149.154 139.156
162.8 151.548 141.037
166.4 153.943 142.918
170 156.338 144.799
129 136.188 131.244
133 125.067 119.109
135 114.433 104.478
95 95.5583 91.3218
78 78.1599 78.2635
40 61.1544 65.9738
46 64.1517 79.7186
65 71.7046 88.4957
68 67.3456 79.6107
34 40.8458 49.1312
5 16.4816 15.4176
12 15.3988 15.0305
20 19.374 17.6119
14 20.0097 17.8208
16 17.7788 17.4458
11 13.6489 13.3221
10 12.1717 11.2367
10 13.2654 11.9887
6 13.3308 12.4589
8 13.9367 12.1159
10 12.2879 11.0551
9 12.4193 11.2432
3 13.1754 12.2881
8 10.815 11.0026
12 12.7148 12.6736
8 14.9842 14.7264
17 15.7236 16.0279
21 15.6823 15.9445
12 13.7851 13.56
17 13.4678 13.2307
10 12.7567 12.6608
15 11.4752 11.4528
13 10.8142 10.514
6 10.3677 10.2805
8 11.3255 11.2602
6 11.2805 10.7796
15 11.1401 10.8412
12 10.8391 10.6784
14 14.884 14.8545
3 14.092 13.8438
10 13.769 13.4542
18 14.2933 14.1187
12 15.7527 15.7383
13 18.1353 18.8493
17 20.6847 21.3328
25 22.3016 22.3513
25 24.0721 25.0667
22 26.7564 26.7863
30 30.2301 31.5284
20 31.8433 34.0909
19 27.5366 27.8877
25 29.0083 29.2333
31 30.48 30.579
33 33.3978 32.5975
38 36.5576 36.4781
40 42.8071 42.2885
39 47.1488 47.9584
45 52.3274 51.9145
46 53.1874 53.2291
46 53.4403 54.0164
34 53.1184 54.7763
39 52.7647 55.7881
37 51.5144 55.3974
33 53.9325 57.6142
38 50.4448 55.8833
36 50.9833 56.4948
47 52.6634 58.81
53 53.7797 54.3604
65 55.1641 55.821
68 51.4811 51.3174
59 43.958 44.7702
59 39.5492 43.0662
65 36.0989 43.2687
60 34.5766 40.0164
47 35.5954 39.1757
34 40.0495 42.5403
38 41.4183 43.4961
41 47.1245 48.1247
38 48.1902 49.0104
28 50.9043 50.3935
23 54.7833 54.0189
32 57.3843 54.9168
40 58.1346 56.027
52 57.6995 56.9839
32 64.8457 64.4502
47 59.8212 61.5518
47 61.821 65.1298
56 61.7358 65.1133
51 62.592 67.1316
66 63.4131 68.2121
72 63.7085 70.8269
59 75.35 82.9075
97 87.1152 94.2006
109 97.3056 104.896
115 107.465 116.143
129 112.85 120.294
125 123.115 127.394
140 135.259 138.368
153 135.914 137.107
139 138.775 137.376
133 146.731 140.035
169 217.885 199.668
188 194.227 218.481
73 92.7753 104.459
105 86.2493 92.844
98.75 83.3866 87.104
92.5 88.3981 94.4234
86.25 87.5011 88.8048
80 80.9447 82.6515
58 52.1779 55.604
22 30.2426 33.9152
16 24.4042 29.6694
11 18.9739 22.1658
11 27.5298 33.9583
5 20.3239 23.9981
6 11.5534 12.5793
14 9.48716 10.2735
4 11.75 12.0238
4 9.02062 10.3084
17 10.2476 11.7972
8 9.5774 12.9735
9 11.3888 15.3701
3 14.79 21.8175
3 16.2611 21.6006
7 17.1135 20.8744
10 18.7813 22.144
21 23.5291 25.7107
30 27.4198 27.929
38.3333333333333 29.5731 30.2348
46.6666666666667 31.7265 32.5405
55 33.8799 34.8463
63.3333333333333 36.0333 37.1521
71.6666666666667 38.1866 39.4579
80 40.34 41.7637
88.3333333333333 42.4934 44.0695
96.6666666666667 44.6468 46.3753
105 46.8001 48.681
113.333333333333 48.9535 50.9868
121.666666666667 51.1069 53.2926
130 53.2603 55.5984
138.333333333333 55.4137 57.9042
146.666666666667 57.3556 59.751
155 60.9239 63.0025
106 64.3036 67.5969
82 65.2943 68.3802
60 68.4801 70.7153
38 47.9226 49.3209
46 51.0527 52.5522
55 57.6154 58.0432
58 56.1554 56.8065
41 48.8805 49.3556
35 37.3945 38.3976
30 23.3176 23.9619
22 18.654 19.0611
24 13.7097 14.1519
18 15.3925 15.6676
13 12.5883 12.8367
11 13.4421 13.5061
16 15.2227 15.3794
23 22.3717 22.7052
37 29.7777 29.688
41 34.9883 35.6476
49 42.1455 42.4629
50 41.506 41.8772
23 44.4478 44.8902
40 47.2545 48.6545
40 55.8934 57.8603
61 71.6245 75.2474
80 81.4199 83.2301
91 81.5904 80.4357
77 81.4159 79.4411
73 76.0017 75.0914
61 79.3998 77.0905
69 79.1427 76.7181
80 73.1081 71.6439
69 73.6874 72.7394
68 69.7384 69.5628
76 71.6923 71.6856
75 69.7989 69.6928
63 69.2015 69.4146
67 68.2429 68.5981
73.5 73.8859 74.586
80 80.4779 81.0217
89 90.5615 91.2453
117 104.163 105.454
129 116.316 117.394
149 128.964 129.789
155 142.264 144.381
163 142.078 142.363
162 140.469 140.498
154 134.509 132.94
157 136.326 135.104
138 130.054 127.893
128 125.076 122.036
119 128.685 127.012
124 135.963 134.389
136 137.688 135.666
141 142.978 140.485
134 151.517 149.568
142 152.228 151.395
143 158.845 158.297
159 163.507 164.03
148 163.069 164.474
95 135.686 132.695
87 120.821 117.656
84 111.567 109.099
84 105.763 104.046
104 110.818 110.173
118 124.199 124.739
127 129.326 129.569
142 123.633 122.156
139 116.617 114.399
124 116.232 114.128
118 113.249 111.323
120 115.805 114.096
124 118.032 116.225
128 119.737 117.873
129 123.984 122.417
128 127.372 126.14
130 136.737 134.912
133 144.251 143.134
139 153.019 152.091
146 159.189 158.837
148 159.93 159.928
155 147.098 145.549
91 127.803 123.857
78 115.871 113.163
74 102.696 100.776
64 87.2901 86.2064
62 75.3424 73.9747
82 79.4322 78.7816
104 88.9866 89.2661
92 104.626 106.846
69 98.1163 99.2375
69 94.032 93.7472
70 88.2472 86.9192
70 81.0675 78.3945
71 78.7352 76.193
65 77.095 74.5018
65 79.9808 77.5217
71 82.1136 80.4359
79 85.0343 84.3502
84 85.9067 84.8737
88 90.1279 89.4513
94 101.484 101.362
91 112.034 112.014
102 114.588 114.8
107 118.218 119.026
117 123.418 123.895
112 123.419 123.68
119 123.645 123.732
119 125.807 124.926
132 130.337 129.565
143 137.221 136.818
148 143.818 144.131
159 151.248 150.934
163 158.776 158.652
162 156.085 154.047
136 146.383 142.408
118 136.168 131.531
103 122.227 117.625
98 119.253 114.771
96 119.982 116.247
101 123.274 119.536
103.5 127.988 124.193
106 130.632 127.066
54 122.33 121.196
44 74.3779 71.8916
25 49.1271 44.2222
27 41.742 39.1306
34 47.5817 45.8049
62 86.1331 84.0527
64 108.995 107.352
66 111.03 110.639
56 87.1896 87.6097
41 55.3083 56.6161
34 46.7623 49.6327
27 29.0693 29.3975
31 27.5786 27.8018
31 27.2805 27.9669
28 27.7813 28.8903
35 29.0482 29.7538
41 29.6535 30.3791
31 30.2868 31.2262
26 35.344 36.4299
34 39.962 41.4751
38 43.0207 45.827
29 52.524 57.9759
26 52.0901 57.3839
29 40.6141 42.941
34 49.7526 54.0063
30 58.1028 63.5036
38 78.1883 83.6105
44 103.227 110.139
56 121.843 128.953
75 140.552 145.597
104 151.105 156.028
110 160.693 164.697
82 145.437 147.403
63 121.967 121.077
61 103.706 104.724
66 98.0852 100.612
71 106.673 107.216
65 92.0973 94.6916
71 95.3024 98.282
69 102.7 106.656
73 115.237 120.237
68 120.419 124.745
68 118.776 120.483
72 120.184 122.656
79 122.335 124.617
96 125.496 127.974
104 127.683 129.881
108 130.021 132.001
116 132.31 134.515
121 136.257 138.57
121 144.175 145.992
295 153.516 155.532
143 170.85 171.353
126 171.25 171.635
206 180.003 184.411
212.5 187.846 192.08
219 199.986 203.888
187 189.973 193.151
161.333333333333 157.499 160.036
135.666666666667 135.622 136.563
110 122.991 122.618
112 117.075 116.65
114.1 119.144 118.525
116.2 121.213 120.401
118.3 123.281 122.277
120.4 125.35 124.153
122.5 127.419 126.028
124.6 129.488 127.904
126.7 131.556 129.78
128.8 133.625 131.656
130.9 135.694 133.532
133 137.762 135.407
135.1 139.831 137.283
137.2 141.9 139.159
139.3 143.969 141.035
141.4 146.037 142.91
143.5 148.106 144.786
145.6 150.175 146.662
147.7 152.244 148.538
149.8 154.312 150.414
151.9 156.381 152.289
154 158.45 154.165
137 142.354 140.538
142 128.432 126.234
130 113.639 109.939
114 98.3131 96.759
98 85.3659 85.4379
46 73.3869 75.2238
50 82.9596 88.83
83 91.8771 98.2068
134 84.9498 89.5727
75.5 54.7762 57.9013
17 20.3926 20.0007
12 16.0745 15.9456
16.5 18.2028 17.5489
21 18.8122 17.9978
15 18.0615 17.94
13 14.1802 14.061
7 11.967 11.6207
11 12.6975 12.2238
10 13.036 12.7147
7 13.41 12.7341
10 12.1033 11.6459
11 12.1959 11.7585
12 13.213 12.8847
13 12.1948 12.2683
11 13.4236 13.4125
13 15.8995 15.8083
13 17.0247 17.1447
16 17.2647 17.3696
15 14.7318 14.6534
15 14.5031 14.419
14 13.9154 13.8856
17 12.6318 12.6277
13 11.5588 11.4513
10 11.1524 11.1247
12 12.1387 12.1198
10 11.809 11.6261
12 11.7569 11.6496
11 11.6338 11.579
18 15.9173 15.9134
14 15.0492 14.9626
11 14.7113 14.5998
11 15.4118 15.3523
15 17.0773 17.0805
19 19.7979 20.0753
16 22.6708 22.9249
22 24.0527 24.0811
26 26.3984 26.7832
26 28.8193 28.8439
27.5 32.9481 33.4486
29 35.8332 36.6912
33 30.5816 30.7236
35.5 32.3944 32.4895
38 34.2072 34.2553
39 37.6655 37.3773
41 40.5188 40.5038
51 46.2294 46.0537
52 51.8763 52.2012
60 56.6388 56.5056
68 58.3495 58.3881
69 75.4233 75.2994
71.5 80.4313 81.1473
74 82.9556 84.2985
70 77.9481 79.787
79 83.1906 83.0779
104 99.2425 97.915
124 113.87 113.544
131 124.002 126.415
121 111.793 114.414
120 111.63 114.541
140 112.091 114.349
135 113.329 114.875
134 112.97 115.049
112 115.839 117.541
80 112.503 113.961
79 119.485 121.761
109 122.148 124.85
116 138.525 141.782
127 145.755 148.907
130 162.014 166.121
134 171.284 175.953
143 187.234 189.289
159 173.537 177.325
161 171.043 176.568
152 163.092 167.617
148 160.531 165.917
139 155.046 160.979
141 143.444 149.83
121 124.288 127.377
114.571428571429 97.6286 99.1559
108.142857142857 88.5034 90.1828
101.714285714286 91.2383 94.4989
95.2857142857143 95.931 101.329
88.8571428571429 95.9753 100.65
82.4285714285714 92.8972 97.6902
76 89.6995 93.623
69.5714285714286 83.0832 86.6439
63.1428571428571 77.4902 80.9619
56.7142857142857 63.833 65.5189
50.2857142857143 55.8709 56.8268
43.8571428571429 51.2632 50.5958
37.4285714285714 52.6011 53.0982
31 49.2278 49.4968
26 57.295 56.43
29 53.3692 52.8288
32 51.6953 52.0356
35 58.6381 61.98
33 53.9943 56.5691
32 46.8888 49.4128
27 43.4678 43.8959
40 40.923 39.2104
128 71.0776 72.6179
98 80.038 82.3682
89 84.5266 85.2501
86 84.3712 83.8235
84 80.6344 80.0084
79.4545454545455 78.53 78.0597
74.9090909090909 76.4256 76.111
70.3636363636364 74.3211 74.1623
65.8181818181818 72.2167 72.2136
61.2727272727273 70.1123 70.2649
56.7272727272727 68.0079 68.3162
52.1818181818182 65.9035 66.3675
47.6363636363636 63.7991 64.4188
43.0909090909091 61.6947 62.4701
38.5454545454545 59.5903 60.5214
34 57.4859 58.5727
44 47.4836 47.931
25 29.7793 30.1275
20 28.2592 29.8643
19 37.0623 38.3246
28 35.222 35.8158
36 39.6926 40.5995
44 45.9246 45.5211
43 51.6888 53.077
56 55.979 57.1998
69 66.4235 65.1054
186 91.7679 93.2733
173 106.015 109.887
124 98.7039 100.496
119 93.8935 94.4282
119 92.3036 91.5873
98 82.4941 81.3399
76 72.6148 71.1338
83 79.7113 77.4188
85 73.487 72.1563
88 81.6682 80.1017
54 66.9237 65.9547
69 64.3441 63.8645
66 64.5191 64.085
83 65.3221 65.2222
84 65.7676 66.2591
78 67.5608 68.6696
75 71.202 72.4785
95 70.4249 72.5256
77 71.8817 73.7379
54 68.9486 71.1434
44 71.8388 74.0203
47 79.9189 81.0178
51 78.2492 78.9552
59 83.0397 83.8794
75 91.4515 93.7472
81.5 90.813 94.0259
88 86.0931 88.5445
67 79.1464 80.8091
60.5 68.8485 69.2248
54 58.5506 57.6405
65 52.3131 52.4246
54 58.5216 60.0839
64 67.4679 69.6008
75 77.4166 79.1209
89 89.9118 91.8738
103 96.9871 98.2004
113 92.6045 93.6698
118 91.523 92.178
114 84.456 85.5248
116 87.3369 88.6947
111 89.8363 91.4823
109 91.8606 94.0411
113 93.7404 95.7285
104 93.6998 96.019
96 96.87 99.3917
102 110.072 112.825
111 126.066 128.564
120 135.551 138.205
134 141.89 144.834
164 147.228 150.031
149 147.865 149.011
134 143.34 143.629
96 123.943 123.803
100 110.576 110.099
85 96.8593 96.677
84.5 94.6963 94.1752
84 90.9825 90.5246
80 91.5167 90.5813
74 81.3542 80.2132
61 69.869 68.1465
51 65.6133 64.3279
53 69.3032 67.8945
59 65.0074 63.8747
59 67.7443 67.1477
64 71.7655 71.7749
74 77.4531 77.7645
105 80.1472 80.7246
96 84.8495 85.6667
88 90.1068 90.8411
83 100.623 101.58
93 111.033 112.026
98 124.473 125.464
108 137.848 137.45
104 132.242 132.602
115 136.435 136.032
118 134.062 133.754
118 137.432 136.852
115 133.983 132.944
109 107.97 107.709
69 83.6475 84.1242
37 44.5314 43.6392
49 45.0136 45.2067
52 51.781 52.9443
56 51.1103 52.0279
53 44.8354 44.6505
39 46.6163 46.6665
39 45.6729 45.4863
42 38.9218 37.5698
37 35.7124 34.3011
31 40.35 39.8403
33 39.3565 38.9441
36 39.8722 39.1757
38 44.1581 43.6574
46 45.5838 45.305
47 49.0646 48.984
42 49.3198 49.1355
42.3333333333333 46.5673 46.4836
76 91.4048 94.1813
76 88.7895 88.0761
78 84.6035 81.301
72 80.1681 73.5238
62 77.6368 71.319
63 76.263 69.8198
65 79.3347 73.2295
74 81.3587 77.1893
66 83.4665 81.7628
75 85.823 83.2464
80 90.4072 88.7067
89 99.9203 99.5858
101 110.603 110.518
114 112.96 113.452
121 116.014 117.975
125 120.996 122.14
122 120.365 120.997
119 118.696 118.914
124 123.071 120.88
143 127.524 125.601
148 134.948 133.936
159 139.213 139.965
150 146.816 146.014
162 151.448 151.097
155 147.8 142.71
128 138.474 128.612
101 128.384 116.892
96 116.901 105.504
95 115.908 104.805
102 117.484 108.222
106 121.714 112.436
108 126.672 117.252
111 129.589 120.732
104 120.082 117.204
47 83.8189 77.6025
30 64.4795 52.2618
29 47.9616 41.4387
47 46.6632 42.2394
81 79.5249 74.3604
121 105.104 100.999
86 108.517 107.465
65 85.4371 86.3798
48 55.5866 58.723
38 43.3484 50.3036
26 29.3036 30.0817
25 26.3676 26.8983
21 25.9027 27.5704
29 26.1886 28.8905
21 28.4939 30.2105
22 29.6175 31.3871
19 31.0253 33.3015
28 35.6755 38.3117
28 38.035 41.7234
28 40.1257 46.9954
32 45.451 58.7284
27 46.9016 59.7729
27 41.2409 46.9022
24 47.0042 57.3591
39 54.3245 67.4408
54 73.4619 86.6133
46 96.8553 113.709
78 114.085 131.437
117 131.406 143.683
138 138.38 150.395
112 142.473 152.228
84 127.194 131.894
70 109.382 107.016
73 91.9015 94.2704
81 85.5708 91.686
69 94.9741 96.1834
75 83.874 90.1401
73 88.5925 95.8005
78 95.2457 104.868
79 103.866 116.072
88 107.532 118.074
78 113.398 117.454
86 110.293 116.257
96 114.018 119.522
108 117.75 123.749
115 120.318 125.631
126 122.746 127.526
123 124.446 129.789
137 128.458 134.082
136 136.507 140.906
143 146.713 151.602
137 163.665 164.799
162 165.105 165.955
161 170.152 169.951
180 173.73 173.606
180 185.746 185.037
198 187.865 184.378
197 181.229 176.088
200 180.561 174.313
187 182.188 175.863
209 186.254 180.625
206 195.129 189.636
215 201.024 196.768
216 200.846 193.784
232 197.759 188.603
214 191.448 181.695
204 183.532 175.265
174 182.01 177.614
173 182.868 180.849
178 180.961 176.316
198 175.937 166.775
157 174.261 165.829
161 174.436 168.019
158 176.868 170.153
168 175.029 167.577
155 172.65 166.439
160 160.841 155.103
154 150.003 146.583
160 145.704 138.404
138 126.642 119.104
120 114.487 108.587
111.5 108.656 102.62
103 102.737 96.4817
94.5 96.9945 90.6846
86 91.1988 84.7852
77.5 85.5264 79.1246
69 82.7352 76.6222
70 83.8811 77.4835
71 85.203 78.686
65 87.2343 81.381
80 89.8051 83.7777
75 90.2004 84.5095
95 91.0511 86.6471
86 90.9548 88.6846
107 86.684 86.0369
104 80.2967 78.083
94 77.9958 74.3952
59 76.2539 74.7365
66 78.6664 79.0124
67 68.9379 67.9906
57 50.6187 47.033
47 42.6029 38.3871
39 41.904 38.5134
32 38.3003 36.1641
34 38.785 36.9244
32 38.0602 36.6816
41 38.4447 37.1157
39 39.3255 37.4847
55 44.0054 41.0409
57 45.9817 44.0181
61 53.0894 50.442
58 53.4112 52.4365
53 50.8882 49.1861
44 49.7416 47.6171
41 45.32 43.5379
43 43.9649 42.7194
49 44.784 43.363
44 46.6841 45.0078
43 48.1044 47.179
40 48.548 48.5967
50 47.9261 47.2512
47 51.0147 52.6339
54 48.7924 50.775
42 45.2311 46.711
38 37.975 40.0112
31 32.7388 34.4866
31 30.7301 30.5312
25 28.1552 28.3061
38 29.6705 29.8652
35 33.0722 33.2064
45 34.7746 35.059
55 35.4692 36.1929
52 28.7569 28.5709
48 24.5194 23.3633
46 24.015 22.4668
26 23.8977 20.8223
11 23.0835 20.1053
10 23.8789 20.2034
8 22.7586 19.2812
6 22.754 19.5376
26 21.3994 22.7013
28 26.3202 27.058
38 30.9095 31.606
36 32.7077 33.5601
45 37.3766 38.0991
46 38.8265 40.1342
46 38.385 40.7161
45 38.3257 41.0834
50 36.7143 40.5262
23 23.6757 23.0214
14 17.9847 15.7479
12 17.6629 15.4186
16 19.1248 15.9993
14 22.3487 18.761
25 22.5074 19.8198
19 20.2844 18.8943
4 13.7023 13.0394
3 12.2801 12.2108
19 9.80021 9.93306
12 12.9056 13.0343
17 14.896 14.6181
18 16.2434 16.9862
20 18.9825 18.8225
20 19.4385 20.4244
25 22.2427 22.2917
27 27.0805 27.0049
47 35.4849 35.0327
62 47.4086 48.4573
75 53.7405 55.8328
73 56.237 58.8552
82 59.2281 62.8519
79 62.3368 65.7129
83 64.9057 68.8322
79 70.5141 75.4766
90 74.4472 80.0196
91 74.8593 81.4532
92 76.6076 81.9452
72 80.6378 84.2473
97 88.8261 92.2909
105 95.936 99.6661
130 100.081 104.616
82 98.3161 97.3302
74 92.5116 87.7758
78 94.8761 87.7977
108 94.7276 92.0262
102 96.2692 94.893
109 103.643 102.246
113.789473684211 107.428 105.781
118.578947368421 111.214 109.317
123.368421052632 114.999 112.852
128.157894736842 118.785 116.387
132.947368421053 122.57 119.922
137.736842105263 126.355 123.458
142.526315789474 130.141 126.993
147.315789473684 133.926 130.528
152.105263157895 137.712 134.063
156.894736842105 141.497 137.599
161.684210526316 145.283 141.134
166.473684210526 149.068 144.669
171.263157894737 152.853 148.204
176.052631578947 156.639 151.74
180.842105263158 160.424 155.275
185.631578947368 164.21 158.81
190.421052631579 167.995 162.346
195.210526315789 171.78 165.881
200 177.574 172.672
206 182.032 181.153
207 185.54 186.389
191 175.721 177.755
176 176.021 179.779
117 159.751 161.737
134 138.164 135.863
164 140.925 143.243
215 158.552 168.158
248 175.787 187.368
264 191.505 203.124
252 194.634 206.366
247 194.709 206.782
248 188.33 202.398
268 188.489 202.135
212 186.183 198.647
183 184.972 195.288
194 184.613 194.858
217 178.896 190.5
180 176.224 187.807
154 172.617 183.857
149 174.876 185.133
207 176.7 187.393
227 184.597 194.862
230 197.384 206.845
172 188.595 196.287
173 154.891 161.059
102 134.75 137.025
31 124.153 123.189
106 120.481 119.384
108.6 122.557 120.991
111.2 124.633 122.599
113.8 126.708 124.206
116.4 128.784 125.814
119 130.859 127.421
121.6 132.935 129.029
124.2 135.011 130.636
126.8 137.086 132.244
129.4 139.162 133.851
132 141.238 135.458
134.6 143.313 137.066
137.2 145.389 138.673
139.8 147.465 140.281
142.4 149.54 141.888
145 151.616 143.496
147.6 153.692 145.103
150.2 155.767 146.711
152.8 157.843 148.318
155.4 159.919 149.925
158 161.994 151.533
156 144.064 139.639
138 128.354 122.996
134 114.682 105.643
46 98.0442 94.2301
69 87.7796 87.9176
51 78.7948 83.2318
63 80.3653 94.6889
100 88.5064 103.965
125 85.7175 97.0182
69 59.733 67.342
9 27.3367 26.347
13 15.8977 15.5667
13 16.6028 15.0068
17 17.8591 15.8705
26 16.7339 16.4507
11 13.8781 13.5918
9 11.6304 10.7829
5 12.1669 11.0072
10 12.2598 11.4715
10 13.8722 12.208
8 12.3388 11.2154
8 12.231 11.1625
12 13.0983 12.295
7 12.9133 13.0921
10 13.0594 13.0327
10 16.0053 15.7796
17 16.7094 17.0011
15 17.5572 17.8071
17 15.0052 14.8065
21 15.0022 14.793
19 14.4879 14.4053
11 13.2361 13.2218
11 12.006 11.7354
12 11.344 11.2692
13 12.2115 12.1576
8 12.1592 11.7058
12 11.9183 11.6506
9 11.9152 11.7727
16 15.8425 15.8243
16 15.3438 15.1236
11 15.1461 14.8638
16 15.8396 15.6875
13 17.4001 17.3933
15 19.0783 19.7449
18 22.3232 22.9292
21 24.1399 24.1995
17 25.5743 26.5031
23 28.9157 28.9574
24 31.4402 32.6551
30 34.7172 36.8015
28 31.786 32.1238
29 34.2596 34.4808
30 36.7331 36.8378
37 42.4466 41.7209
35 42.9762 42.9196
46 47.6413 47.1879
45 52.6681 53.4371
62 58.1894 57.8403
60 60.5259 60.5911
76 81.7282 78.4521
97 89.0669 85.7082
104 100.206 97.1239
119 106.121 106.759
102 113.652 114.155
99 106.813 111.377
88 89.2252 94.2627
51 65.1827 68.147
19 48.2737 49.2018
48 43.2172 44.0236
60 45.6577 46.2288
70 50.779 57.0641
27 31.9409 34.5601
18 22.183 23.8647
10 20.6817 21.9154
26 19.085 20.3472
17 23.7564 25.4715
18 25.4927 28.3674
12 28.175 30.3809
22 31.4578 34.2395
23 38.9084 44.5291
50 39.2852 46.0339
46 42.1695 48.8946
44 42.3912 49.6167
38 43.0769 50.5386
35 46.2245 54.8851
32 60.6363 68.9881
25 51.5853 59.6011
65 52.1907 55.8854
49 43.4871 46.1739
33 43.4423 43.2182
35 40.2744 39.7853
31 39.3245 39.3692
39 39.4238 40.2627
39 41.0031 42.0519
40 46.1962 47.4713
43 50.2959 51.786
74 51.9273 53.2379
38 48.7182 48.9373
41 53.7391 52.1338
43 49.6179 49.6156
51 53.375 52.7932
48 53.052 53.569
57 54.0081 54.7255
50 56.2912 57.856
60 59.3076 61.8584
62 64.1489 65.7231
64 65.3557 66.8795
58 67.833 69.8228
69 69.8033 72.0035
68 84.7651 85.1492
85 90.2138 92.1782
78 91.0689 92.5843
75 86.1671 87.8973
51.5 84.4658 86.6058
28 90.241 90.8456
86 86.9883 88.9131
21 71.1212 74.2379
12 54.7887 57.6347
6 41.3833 42.2404
7 31.7124 33.4763
10 30.4056 31.1746
11 27.5394 27.4013
14 27.3781 28.8151
15 46.3169 45.0003
13 46.6671 45.6651
17 45.8501 47.6462
21 54.0582 58.2328
67 57.2938 62.5289
58 54.5197 58.2785
62 49.9973 54.4697
43 53.3511 56.2508
43 49.3527 54.4146
29 54.9181 60.8011
37 65.9033 72.7084
42 64.0476 66.336
38.5 60.8198 62.217
35 54.4724 57.0418
48 52.3436 52.9224
33 55.098 54.94
41 52.6907 51.6005
33 52.7531 52.7931
44 53.0543 52.194
40 55.0559 52.8983
46 57.4672 56.9308
37 58.9012 58.6792
54 61.4742 58.7986
61 57.7542 59.2797
62 65.9355 67.5712
63 73.6757 74.139
78 71.486 72.1936
69 59.9049 60.4219
69 49.1895 50.285
30 25.3377 26.0416
16 14.691 15.1357
14 12.5767 13.0596
12 11.6028 11.9033
12 12.8551 13.126
12 12.6738 12.7437
26 16.4845 16.6551
31 23.6906 24.0546
42 33.4231 33.3249
48 40.1198 40.8388
57 47.0775 47.422
52 53.0864 53.4902
59 59.234 59.7136
66 64.8469 66.3704
70 73.5904 75.7296
70 84.0628 88.0095
97 83.9706 85.9439
103 80.0538 78.7938
80 74.3324 72.1793
68 68.967 67.9751
73 69.422 66.8999
68 71.1281 68.4798
62 67.3611 65.7645
65 69.0968 68.0649
69 70.3851 70.194
79 71.7447 71.7396
81 72.2775 72.1645
78 77.2367 77.4716
80 77.6962 78.0862
82 81.9514 82.7167
91 87.7629 88.3552
99 101.013 101.759
122 114.94 116.349
134 128.778 129.953
149 140.721 141.622
162 145.975 148.289
184 145.933 146.246
169 140.697 140.73
143 132.14 130.428
163 132.185 130.852
137 127.112 124.755
132 119.639 116.321
129 122.587 120.76
128 130.658 128.94
126 136.915 134.707
143 142.042 139.319
146 149.545 147.418
152 154.37 153.461
169 162.793 161.992
175 164.188 164.884
147 151.151 153.03
104 112.047 107.814
95 96.8962 92.4167
93 94.8472 91.3467
95 97.2595 94.8301
114 103.143 102.213
131 117.591 118.332
149 116.866 117.194
129 104.515 102.435
108 100.187 97.0761
109 103.674 100.722
109 104.076 101.38
115 106.952 104.567
104 111.036 108.517
119 114.609 112.009
135 116.33 114.153
137 120.956 119.248
155 129.883 127.339
169 136.8 135.255
169 149.432 148.144
167 148.531 148.043
152 137.646 137.639
100 115.524 113.329
71 99.3599 93.8308
79 85.6901 81.877
62 75.6342 72.914
62 72.8425 71.3253
70 72.2647 70.3383
97 85.1708 84.2719
98 88.671 89.0636
82 89.6312 92.6888
26 23.7303 24.4585
32 27.8364 28.249
36 33.9501 34.3403
38 36.0387 36.5173
42 41.8234 42.2312
42 45.9959 46.7287
53 48.5552 49.8579
52 50.397 51.9441
50 55.2181 57.351
38 41.0374 40.6949
14 28.0972 26.8711
8 26.0349 24.8045
10 27.8074 26.0939
22 32.7619 30.7954
17 28.2028 26.7219
25 25.946 25.1867
11 17.4995 17.1392
13 13.4683 13.4316
20 11.245 11.3152
12 14.1365 14.2068
13 13.8192 13.6637
18 18.4025 18.8124
21 20.0259 19.9483
22 21.0554 21.6098
23 23.045 23.0741
28 29.052 29.017
54 39.6605 39.4257
71 52.9315 53.5273
78 61.5399 62.7165
76 65.4786 66.9412
78 69.3791 71.3999
84 75.3938 77.2817
84 81.6626 83.8523
92 91.2706 94.0362
99 95.7095 98.8093
98 97.9673 101.627
106 100.779 103.748
107 104.103 106.123
127 112.286 114.221
137 113.632 115.705
113 102.474 104.972
87 90.3455 89.7899
67 82.6725 80.0491
91 85.5329 81.6127
92 90.9619 89.4705
106 97.2705 96.5285
110 105.163 104.403
114.6 108.619 107.721
119.2 112.075 111.039
123.8 115.531 114.358
128.4 118.987 117.676
133 122.443 120.994
137.6 125.899 124.312
142.2 129.355 127.63
146.8 132.811 130.948
151.4 136.268 134.266
156 139.724 137.585
160.6 143.18 140.903
165.2 146.636 144.221
169.8 150.092 147.539
174.4 153.548 150.857
179 157.004 154.175
183.6 160.46 157.493
188.2 163.916 160.812
192.8 167.372 164.13
197.4 172.129 169.438
202 186.669 186.211
198 192.886 193.386
200 185.902 187.07
178 182.45 184.535
148 167.651 168.747
166 150.815 149.533
198 160.31 161.585
237 180.949 186.258
237 196.599 203.006
248 208.747 215.177
252 212.928 219.402
257 210.795 217.465
253 203.353 211.12
267 202.656 210.214
264 199.578 206.487
270 196.431 202.156
247 194.299 199.976
224 193.03 199.454
214 192.502 198.925
186 185.136 191.362
180 195.98 201.678
202 197.949 203.966
230 205.651 211.429
229 219.104 224.438
196 209.331 213.673
163.666666666667 168.591 172.082
131.333333333333 144.246 145.549
99 131.708 131.179
130 132.285 131.688
132.45 133.681 132.823
134.9 135.078 133.958
137.35 136.474 135.092
139.8 137.87 136.227
142.25 139.266 137.362
144.7 140.662 138.497
147.15 142.058 139.632
149.6 143.454 140.767
152.05 144.85 141.902
154.5 146.246 143.036
156.95 147.642 144.171
159.4 149.039 145.306
161.85 150.435 146.441
164.3 151.831 147.576
166.75 153.227 148.711
169.2 154.623 149.846
171.65 156.019 150.98
174.1 157.415 152.115
176.55 158.811 153.25
179 160.207 154.385
145 147.894 145.461
141 125.98 123.008
101 107.535 102.484
31 96.2669 94.1379
44 97.8588 97.953
45 102.053 104.571
121 104.099 112.166
123 113.031 121.743
121 111.546 117.942
103 86.4913 90.802
17 41.6085 41.0737
5 15.824 15.6328
14 11.4177 10.5176
12 13.4148 12.2966
45 14.3963 14.2432
21 13.516 13.3602
11 10.1014 9.62535
6 9.72273 9.06968
9 9.94946 9.50389
11 12.7188 11.7808
12 11.5645 10.9335
12 11.1292 10.5314
14 12.1893 11.7396
15 15.4298 15.5371
14 12.9697 12.957
14 16.7132 16.5899
13 17.4715 17.6386
15 19.5605 19.7045
53 16.0534 15.9434
19 16.5042 16.3911
18 16.3317 16.2868
18 15.1972 15.1935
13 13.1281 12.9771
14 12.2346 12.1928
8 12.9379 12.9073
12 12.7717 12.518
12 12.4447 12.2954
14 12.9071 12.8271
13 16.5213 16.5109
15 16.4171 16.2944
12 16.3937 16.236
16 17.3364 17.2537
17 19.0121 19.007
15 19.7714 20.143
19 23.8646 24.2028
21 25.746 25.7818
24 26.8583 27.379
23 30.7694 30.7919
26 32.1142 32.7964
26 37.8896 39.062
35 36.6239 36.8241
36.5 40.4102 40.5475
38 44.1966 44.271
34 53.4927 53.107
34 50.3583 50.3395
45 52.4105 52.1626
49 58.5305 58.9691
54 64.0071 63.822
65 68.4918 68.5406
69 69.7886 70.0964
73 70.5679 71.4151
83 74.0219 75.5445
85 76.2727 78.218
88 77.9689 79.8148
88 78.5964 81.3083
77 82.4431 85.1947
82 84.8352 87.9051
83 91.4026 91.7328
85 81.6278 81.9919
83 74.9515 74.8999
73 62.0709 62.5085
63 58.6056 60.3844
50 48.4713 52.0309
44 52.2399 54.9556
36 50.818 52.6112
32 48.793 50.0444
43 47.6396 48.6838
39 49.8992 50.4119
40 46.9663 47.3795
36 51.914 51.6747
44 57.6821 57.323
58 60.9802 59.7787
61 65.935 64.9109
86 69.7087 69.386
108 77.2564 77.1002
70 80.0539 80.9393
78 85.4764 87.1276
82 90.7648 92.4594
86 93.7297 95.997
85 97.876 100.283
98 101.352 104.889
157 113.429 117.181
191 126.557 130.088
132 133.628 137.406
129 137.424 141.749
137 140.71 144.42
128 138.444 140.583
133 141.655 143.236
131 142.067 142.692
136 148.543 147.894
151 152.121 148.866
207 147.943 139.004
471 259.335 271.449
150 182.605 188.394
86 98.908 102.152
84 97.0781 98.9375
136 97.1533 100.106
177 105.957 106.604
230 108.42 109.275
90 80.6264 82.3198
45 42.7599 44.5656
35 31.11 33.7191
31 23.2364 24.7999
75 19.7922 22.8887
16 15.7956 17.5663
15 13.3389 13.8321
15 16.1139 16.4996
24 16.316 16.4504
17 11.8059 12.4302
24 12.523 13.2815
6 12.0971 13.7594
21 15.7672 17.6942
19 19.4568 22.9313
8 23.1657 25.8194
24 23.854 25.7437
28 27.8277 29.5236
35 37.6236 38.7378
45 55.9258 56.2237
47.4615384615385 57.1538 57.5252
49.9230769230769 58.3818 58.8266
52.3846153846154 59.6097 60.1281
54.8461538461538 60.8377 61.4296
57.3076923076923 62.0657 62.731
59.7692307692308 63.2937 64.0325
62.2307692307692 64.5217 65.3339
64.6923076923077 65.7496 66.6354
67.1538461538462 66.9776 67.9369
69.6153846153846 68.2056 69.2383
72.0769230769231 69.4336 70.5398
74.5384615384615 70.6616 71.8413
77 71.8895 73.1427
78 80.2273 81.4402
145 83.6763 84.7294
98 89.9772 91.6267
84 92.6896 94.2111
87 91.3714 92.4812
75 88.1812 86.3786
87 100.493 98.6529
98 115.503 113.821
106 122.412 122.774
109 129.209 129.509
100 115.31 117.821
75 93.0619 95.8225
49 64.5036 66.1115
35 43.9079 44.3763
32 39.4052 39.81
72 46.5334 46.8349
86 61.1206 64.6023
49 48.3897 49.8408
14 28.12 29.0377
20 22.2741 22.9419
19 21.9914 22.6739
11 23.8993 24.8137
19 29.0698 30.6401
27 37.5665 38.7845
24 45.3139 46.8514
66 50.5367 53.6416
66 52.2683 56.0031
74 55.6338 59.366
103 58.1945 62.1902
78 61.0304 65.1566
80 66.5082 71.3019
69 77.8266 82.4439
50 68.1336 72.5641
36 59.1482 61.1616
37.5 49.8768 51.3461
39 42.4236 42.2653
41 36.9511 36.6545
40 36.1743 36.1845
41 37.0377 37.491
41 39.2501 39.8211
44 43.6446 44.35
63 47.862 48.68
49 47.1949 47.9128
52 44.6768 44.7896
45 46.3644 45.4587
41 48.9472 48.9434
50 52.5457 52.2232
54 57.0922 57.3817
55 56.345 56.745
56 60.4524 61.3144
70 65.4494 66.8569
74 70.3227 71.1921
87 72.1091 72.9491
97 78.8769 79.9838
83 83.1308 84.3588
115 94.5117 94.7361
103 105.166 106.283
92 100.626 101.484
83.5 96.686 97.6536
75 95.5557 96.7507
101 93.7856 94.1239
93 93.6928 94.7753
94 83.4079 85.1192
68 65.7035 67.2624
15 50.3732 50.8346
32 34.9857 35.9479
3 30.0197 30.4276
31 26.8223 26.7404
28 27.88 28.6656
21 80.7687 80.0145
20 72.3005 71.7147
25 58.1804 59.151
68 67.5588 69.8492
82 66.9288 69.8081
70 64.7416 66.8114
65 64.8956 67.3604
68 65.0826 66.6829
84 64.7118 67.498
155 74.2951 77.5461
94 95.404 99.1749
81 79.0455 80.2936
102 71.1093 71.8628
123 63.4775 64.8864
65 57.7821 58.0961
49 57.1855 57.0825
48 51.7473 51.1306
45 50.8105 50.8151
60 50.5516 50.0597
64 52.1717 50.9464
50 55.2022 54.8853
52 57.4526 57.3117
63 56.4301 54.9254
54 49.5532 49.127
62 53.03 52.5731
62 58.1693 58.0409
50 56.9822 56.7853
40 49.3624 49.2184
36 38.7664 38.46
20 23.9223 23.7254
19 18.7094 18.585
20 14.0276 13.8925
20 15.3326 15.2485
16 12.7431 12.6674
11 13.2925 13.273
18 15.2721 15.2245
19 22.5507 22.449
29 29.4221 29.4496
31 35.6048 35.404
39 42.2052 42.1095
41 41.988 41.8756
50 45.144 45.0109
45 49.2949 48.8705
39 58.5477 57.952
72 75.9271 74.8262
95 82.7266 82.1758
76 78.8446 79.1967
72 77.3253 77.9264
67 73.3699 73.6467
63 74.753 75.4585
82 74.4512 75.1921
61 69.8666 70.3125
62 71.1669 71.4544
68 68.5439 68.5972
69 70.6589 70.6597
70 68.7896 68.8203
65 68.9006 68.8343
60 68.2131 68.1034
67 74.1495 73.9352
74 80.4027 80.2374
89 90.6863 90.4784
98 104.897 104.503
106 116.686 116.358
116 128.789 128.537
134 143.159 142.511
147 140.608 140.52
150 138.504 138.494
148 130.425 130.903
125 132.574 132.946
118 125.237 125.896
112 119.063 119.99
118 124.356 124.866
124 131.699 132.18
128 133.052 133.669
129 137.647 138.409
130 146.716 147.311
127 149.076 149.33
150 156.174 156.439
162 162.212 161.941
148 162.398 161.698
100 128.146 129.589
84 113.194 114.726
84 105.496 106.695
86 101.35 102.181
90 107.998 108.298
107 123.057 122.76
123 127.359 127.196
131 118.791 119.473
120 110.897 111.949
103 110.896 111.9
101 108.404 109.323
104 111.276 112.082
108 113.429 114.285
115 115.125 116.013
116 119.634 120.365
122 123.549 124.115
128 131.874 132.736
137 140.331 140.834
140 149.474 149.891
141 156.049 156.171
143 156.677 156.611
141 141.168 141.87
87 118.693 120.582
80 108.676 109.957
68 97.0176 97.9205
67 83.7657 84.2597
58 72.1457 72.8099
66 77.7505 78.0595
94 88.2495 88.0922
89 105.79 104.671
66 97.7153 97.3671
66 91.7673 91.8244
67 84.7145 85.0737
66 76.0122 76.7643
60 73.8704 74.5842
63 72.2148 72.9433
58 75.3137 76.0009
60 78.6027 79.0683
64 82.8785 83.0584
66 83.4577 83.7439
85 88.2405 88.4296
95 100.011 100.041
92 110.634 110.637
91 113.487 113.42
96 117.888 117.656
100 122.496 122.354
111 122.074 121.979
111 121.717 121.659
112 122.75 122.975
127 127.387 127.582
134 134.859 134.952
143 142.079 141.968
149 148.507 148.572
149 155.739 155.754
139 149.982 150.536
116 137.494 138.585
106 126.396 127.669
96 113.073 114.34
93 110.65 111.891
94 112.655 113.69
96 116.064 117.107
99 120.687 121.746
102 123.7 124.695
118 118.959 119.292
39 71.4283 72.1697
22 43.7341 45.1819
24 38.3686 39.1425
30 44.2225 44.727
71 80.9608 81.526
82.5 104.718 105.175
94 108.852 108.983
64 86.6061 86.5219
47 56.741 56.4187
37.5 49.9965 49.2547
28 29.3019 29.2236
27 27.4256 27.3672
24 27.803 27.619
25 28.8993 28.6023
25 29.7253 29.5367
25 30.447 30.2518
26 31.5178 31.2764
37 36.6777 36.3945
36 41.5111 41.1048
42 46.3359 45.5736
32 58.9695 57.5289
36 58.6119 57.2279
29 43.8105 43.203
30 55.1692 54.0519
34 64.9576 63.5564
45 84.7029 83.3
46 111.502 109.663
63 130.005 128.1
96 145.161 143.812
129 154.838 153.491
138 161.992 160.883
109 143.758 143.231
67 117.127 117.42
65 102.105 101.859
68 98.7327 98.0535
71 104.347 104.225
65 93.6336 92.9544
69 97.6483 96.8697
69 106.336 105.281
76 119.671 118.312
79 123.515 122.339
71 119.175 118.754
75 120.971 120.318
81 123.089 122.487
110 126.624 125.962
124 128.432 127.846
122 130.436 129.905
122 132.949 132.35
127 137.043 136.407
128 144.15 143.65
132 153.851 153.297
141 168.629 168.503
145 169.03 168.934
154 173.834 173.851
165 177.462 177.45
172 191.602 191.712
178 191.407 192.188
176 182.944 184.133
171 179.506 180.976
169 181.593 183.078
176 185.601 186.92
185 192.923 194.209
197 199.481 200.458
219 195.984 197.648
198 190.079 192.266
164 183.387 185.727
158 176.287 178.273
159 180.371 181.396
173 186.174 186.597
167 181.139 182.21
156 170.535 172.73
151 171.655 173.667
150 175.902 177.407
157 178.136 179.709
156 174.31 176.072
165 172.314 173.772
146 159.346 160.691
138 151.634 152.4
152 145.757 147.465
158 126.676 128.443
131 115.432 116.797
117.2 108.876 110.282
103.4 102.116 103.585
89.6 95.7625 97.2527
75.8 89.2871 90.8109
62 83.0961 84.6244
62 80.9118 82.3696
63 81.0087 82.5421
64 81.5118 83.0793
70 84.7584 86.1596
71 87.088 88.5349
74 87.2786 88.6448
86 89.0979 90.1475
92 90.3545 90.8791
96 87.2899 87.4156
92 77.2933 77.8114
52 71.0767 71.9464
48 70.5481 70.9201
57 76.672 76.5764
65 68.0759 68.2853
19 46.0331 46.9111
19 39.4742 40.4985
28 39.9448 40.7608
28 37.8315 38.3362
33 38.3223 38.7614
38 38.1598 38.4801
30 37.3972 37.711
29 37.5358 37.9753
23 40.5611 41.2738
38 42.6981 43.1711
56 49.1926 49.832
54 51.3864 51.6157
56 48.2915 48.7011
41 46.6103 47.1286
40 43.6505 44.0848
37 43.417 43.7063
40 43.9302 44.2624
41 45.4518 45.8549
40 47.5246 47.7467
32 48.665 48.6508
33 47.0463 47.2107
43 53.7408 53.3279
46 51.2536 50.7483
43 46.7663 46.3842
44 38.7688 38.263
32 33.73 33.2937
30 29.2536 29.2989
30 27.1851 27.1428
34 29.1916 29.1354
37 32.7207 32.6783
33 35.2085 35.1261
26 35.5672 35.3806
16 26.4415 26.4907
6 19.34 19.6387
9 17.8371 18.2393
16 15.1501 15.9363
13 14.5881 15.3482
7 13.6324 14.5722
5 12.2067 13.0989
13 12.2719 13.0993
16 13.0403 13.5516
12 14.3139 14.8202
11 12.4536 13.0675
4 14.0504 14.3887
15 15.7551 16.2329
25 16.6505 17.1559
17 17.9201 18.3231
20.4 17.7732 18.1149
23.8 21.0171 21.1906
27.2 24.261 24.2663
30.6 27.505 27.342
34 30.7489 30.4176
48 33.4938 33.1412
36 37.1915 37.2214
42 44.5284 44.6391
55 54.3575 54.1475
78 66.4811 65.8946
74 67.6278 67.5199
49 62.7362 63.0859
47 51.0721 52.0168
36 46.2201 47.2741
38 43.8738 44.5349
34 40.6683 41.0825
31 42.0794 42.2394
31 42.457 42.8317
30 43.423 43.892
34 43.7704 44.14
38 46.2772 46.6139
42 46.5949 47.0168
40 52.0931 52.458
49 57.6119 57.8271
66 66.9125 66.4825
73 72.4177 71.7902
68 72.1253 71.7496
71 72.8407 72.7251
70 73.9605 73.9375
70 74.2863 74.1603
72 74.5517 74.5716
68 75.2745 75.3887
74 77.7771 77.822
73 83.5002 83.5054
79 94.1464 94.371
84 100.932 101.119
93 106.51 106.901
109 109.241 109.618
116 115.017 114.973
120 119.143 118.823
118.5 123.9 123.477
117 125.31 124.7
120 124.975 124.359
117 124.788 123.962
114 118.465 117.094
48 82.0569 80.6813
22 39.0832 39.1429
27 19.7201 20.4482
18 21.5991 22.0644
40 27.5195 27.5326
28 29.3834 29.4654
29 24.1947 24.3486
28 22.9521 23.2068
20 22.84 22.9401
21 21.8125 21.8042
16 19.5617 19.5768
19 18.6632 18.7161
18 17.9927 18.0687
20 19.8384 19.8716
24 21.5833 21.6524
22 24.1314 24.0833
20 22.589 22.586
16 21.2164 21.23
18 18.6916 18.7403
16 18.247 18.3056
18 16.8893 16.9586
19 18.3848 18.4211
18 15.9542 15.9858
13 15.1792 15.142
16 14.7246 14.7453
17 17.1718 17.1824
13 17.1023 17.0812
10 16.5238 16.538
18 17.2042 17.1756
18 17.1285 17.2045
20 15.7428 15.9366
18 18.4855 18.554
17 18.418 18.398
19 18.8085 18.7912
18 22.0532 22.0122
67 59.2033 59.1539
70 60.2065 60.0495
73 61.9816 61.6954
71 62.2397 61.8749
56 64.4041 64.0582
68 63.3883 62.8768
71.5 64.6538 64.1371
75 67.197 66.6163
84 63.6125 63.5771
73 63.0087 62.9545
56 57.7559 57.7844
70 49.9487 49.8706
66 48.3658 48.0212
55 47.2935 46.5975
62 44.927 44.4003
50 43.586 43.2403
43 45.8461 45.601
37 46.3571 46.151
41 50.5083 50.4028
35 50.6608 50.5741
38.6666666666667 52.5229 52.5663
42.3333333333333 56.6495 56.7166
46 57.711 57.9464
49 59.6614 59.8672
52 61.4659 61.5326
57 69.3001 69.3319
50 67.771 67.6091
76 72.1261 71.8225
83 73.1359 72.8268
82 75.6319 75.2125
87 77.394 76.9465
96 80.702 80.0415
116 93.3269 92.6248
128 105.319 104.658
125 115.831 115.117
138 126.31 125.476
146 130.216 129.504
135 135.201 134.787
154 144.915 144.592
158 143.55 143.419
149 144.517 144.641
134 146.449 147.079
134 194.065 195.723
364 239.325 236.955
160 125.525 124.485
102 98.7947 98.1738
100 93.0568 92.6965
103 99.6849 99.1212
118 95.7073 95.6016
105 91.0374 90.8981
70 63.1328 62.8333
39 37.5849 37.2467
18 32.0893 31.5779
15 23.8155 23.5169
15 33.733 33.1437
11 24.0256 23.688
3 13.3896 13.2998
16 11.9224 11.8556
16 13.3496 13.3292
3 11.2233 11.108
26 12.6764 12.532
14 13.9396 13.6199
11 16.7618 16.402
17 23.5482 22.865
5 23.7559 23.2327
31 22.9816 22.6029
14 24.7388 24.4005
23.5 29.3997 29.1821
33 34.4427 34.4009
36.9545454545455 36.6598 36.6031
40.9090909090909 38.877 38.8053
44.8636363636364 41.0942 41.0076
48.8181818181818 43.3114 43.2098
52.7727272727273 45.5286 45.412
56.7272727272727 47.7458 47.6142
60.6818181818182 49.9629 49.8164
64.6363636363636 52.1801 52.0186
68.5909090909091 54.3973 54.2208
72.5454545454545 56.6145 56.4231
76.5 58.8317 58.6253
80.4545454545455 61.0488 60.8275
84.4090909090909 63.266 63.0297
88.3636363636364 66.4023 66.1791
92.3181818181818 69.7525 69.5622
96.2727272727273 75.0753 74.7721
100.227272727273 76.1946 75.9294
104.181818181818 77.7705 77.5775
171 177.132 177.386
176 180.873 181.001
182 195.664 196.587
185 192.708 197.535
161 182.324 189.488
158 176.988 185.726
160 179.239 188.079
180 183.719 191.586
189 190.574 198.246
185 198.284 204.201
180 191.558 201.431
170 183.065 195.907
154 175.753 189.448
157 169.877 181.489
176 178.829 184.965
179 188.277 191.034
165 180.193 186.658
151 164.236 177.097
149 166.99 178.82
159 174.269 183.24
162 176.254 185.636
161 171.09 181.522
161 170.038 178.718
148 156.761 164.775
144 151.758 156.486
155 142.643 152.831
132 123.187 133.712
110 113.262 121.472
99.8 106.245 114.66
89.6 98.9209 107.658
79.4 92.2101 101.035
69.2 85.3155 94.2989
59 78.8499 87.8273
59 77.0785 85.6495
62.5 76.5597 85.5403
66 76.6538 85.8095
68 80.8678 89.0826
70 83.0099 91.4754
74 83.3377 91.3306
81 86.4132 92.5886
87 89.6298 92.7907
89 88.0843 88.953
66 75.475 78.5628
64 66.6781 71.7365
65 67.9963 70.1358
68 76.9267 76.4231
62 67.8599 69.1642
31 42.3227 47.3814
31 35.8796 41.8171
26 37.3743 42.1383
28 36.6673 39.6557
34.5 37.3453 39.9477
41 37.7259 39.6473
36 36.5156 38.3745
42 36.0179 38.5986
40 37.6661 41.8276
43 40.5438 43.3014
38 46.4127 50.1336
49 50.4887 51.8505
46 46.6508 49.0418
42 44.4553 47.4504
40 42.2852 44.799
45 42.862 44.5974
42 43.141 45.1237
43 44.3557 46.7124
40 47.2078 48.5102
41 49.2808 49.2128
51 46.7635 47.7178
55 56.5087 54.2052
51 54.1235 51.3003
49 48.8793 46.7642
43 40.8505 37.9678
34 35.6491 33.172
25 28.8416 29.1166
27 27.1862 26.9651
32 29.4455 29.1581
34 33.0265 32.8234
36 35.9623 35.5435
25 36.473 35.4388
17 25.6616 25.9283
17 16.673 18.3234
13 14.487 16.7013
12 9.71918 14.1017
11 9.31842 13.5601
10 7.17784 12.4157
13 5.74018 10.6991
19 6.00504 10.5942
19 7.6036 11.0235
23 9.07022 12.464
18 6.58682 10.7604
23 10.1323 12.3755
23 10.9679 14.1844
27 11.7084 15.0961
24 14.4397 17.1616
26.8 15.1646 17.507
29.6 19.6459 20.829
32.4 24.1272 24.1511
35.2 28.6085 27.4731
38 33.0898 30.7952
45 36.233 33.8175
45 37.4738 37.7433
45 43.9198 44.7462
60 55.5813 54.1729
76 70.9313 66.9185
71 70.2207 69.6305
54 63.1417 65.7833
40 47.5205 54.2878
31 41.4199 48.9225
34 40.9205 45.6118
34 38.691 41.6002
36 41.7519 42.8677
38 40.8522 43.4857
35 41.4033 44.7085
37 42.1425 44.7424
35 44.8074 47.1731
36 44.4777 47.4439
45 50.442 53.0218
56 56.8234 58.3399
72 69.7728 66.7297
78 76.5786 72.1295
77 74.6538 71.9722
74 74.2314 73.4108
70 74.9857 74.8264
74 76.2236 75.3762
69 75.3123 75.477
71 75.4172 76.2401
83 78.3486 78.7019
85 84.2625 84.3405
90 93.7771 95.4069
91 100.161 101.465
104 104.823 107.546
105 107.471 110.082
115 115.844 115.511
126 121.453 119.178
124 126.84 123.847
116 129.11 124.744
117 127.807 123.3
127 128.532 122.51
143 124.41 114.5
118 86.3697 76.1439
30 35.1619 35.164
20 12.7637 17.6126
25 18.1426 21.3702
27 27.9152 28.0413
23 29.4247 30.0679
19 23.3211 24.4146
25 21.5564 23.3825
23 22.5791 23.3085
25 22.2274 22.2074
18 19.4746 19.5813
20 18.5595 18.9522
14 17.7613 18.3183
18 20.0751 20.3452
22 21.6282 22.1443
21 24.9368 24.6436
24 22.9147 22.9148
16 21.3472 21.448
18 18.5605 18.9101
17 18.1607 18.5958
21 16.677 17.1746
18 18.5415 18.8201
17 15.8757 16.1088
17 15.5122 15.2656
13 14.7699 14.9159
14 17.3275 17.4173
19 17.4496 17.3013
18 16.6145 16.7328
22 17.6688 17.47
12 17.0494 17.6205
16 14.7655 16.1462
19 18.3476 18.8456
20 18.7483 18.6194
20 18.9364 18.8247
21 22.674 22.4317
30 24.2786 22.3508
33 28.236 27.1416
34 31.9876 30.9582
33 34.1029 32.8424
40 37.9214 36.8543
41 39.4994 37.5788
43 40.188 36.7632
47 40.2436 36.1867
39 37.8975 32.3044
12 12.8364 13.8469
8 6.67975 10.0084
12 7.30077 10.6341
10 6.20404 10.8375
12 7.28089 12.5987
12 12.5512 16.5349
10.5 13.8594 15.9222
9 10.1381 11.123
7.5 11.766 11.8692
6 9.62833 9.43933
14 12.9282 12.7422
14 15.1459 15.55
12 17.5318 16.4401
18 18.4902 18.7157
23 21.7926 20.3285
26 22.5472 22.4709
25 26.5262 26.6313
36 32.8997 33.5587
50 48.5337 46.977
61 56.6432 53.549
64 59.8478 55.9873
70 65.1826 59.8375
71 66.0743 61.1009
74 68.1595 62.3907
77 74.5408 67.2537
77 79.976 71.794
73 82.1763 72.4989
84 79.9199 72.1006
95 79.7068 74.4258
95 87.7238 82.6602
104 98.9765 93.5076
100 113.992 107.297
102 102.775 104.193
87 87.5344 94.4788
72 83.241 93.6458
85.5 92.0289 95.9765
99 94.604 96.5963
107 101.83 103.862
110.388888888889 105.216 107.615
113.777777777778 108.603 111.368
117.166666666667 111.989 115.121
120.555555555556 115.375 118.874
123.944444444444 118.761 122.627
127.333333333333 122.147 126.381
130.722222222222 125.533 130.134
134.111111111111 128.92 133.887
137.5 132.306 137.64
140.888888888889 135.692 141.393
144.277777777778 139.078 145.146
147.666666666667 142.464 148.899
151.055555555556 145.851 152.652
154.444444444444 149.237 156.405
157.833333333333 152.623 160.158
161.222222222222 156.009 163.911
164.611111111111 159.395 167.664
168 162.781 171.417
165 172.059 179.217
173 182.086 183.331
184.5 188.934 187.634
196 180.524 177.477
184 187.655 182.086
164 165.23 162.296
116 128.585 132.016
117 140.382 137.005
177 176.879 162.739
231 200.924 183.846
240 219.182 202.025
237 222.106 204.809
234 224.347 206.543
242 223.872 203.127
212 223.371 203.212
201 218.188 199.762
234 212.116 196.85
229 212.536 197.379
216 207.909 190.773
206 203.912 186.804
198 201.355 184.751
218 196.18 181.046
219 195.425 183.352
222.5 202.621 191.03
226 213.458 202.774
205 200.723 192.04
174 166.361 159.374
143 138.647 136.065
112 121.04 122.145
122 114.576 115.841
122.7 115.964 117.755
123.4 117.351 119.669
124.1 118.739 121.583
124.8 120.126 123.497
125.5 121.514 125.411
126.2 122.901 127.324
126.9 124.289 129.238
127.6 125.676 131.152
128.3 127.064 133.066
129 128.451 134.98
129.7 129.839 136.894
130.4 131.226 138.808
131.1 132.614 140.722
131.8 134.001 142.636
132.5 135.389 144.55
133.2 136.776 146.464
133.9 138.164 148.378
134.6 139.551 150.292
135.3 140.939 152.206
136 142.327 154.12
128 135.285 140.251
127 120.354 126.374
104 100.107 110.303
99 92.5715 96.874
94 84.9082 84.7675
87 78.6609 73.6795
122 103.793 87.5956
133 114.452 96.9599
133 100.868 88.0761
80 64.7575 56.1759
27 17.7473 18.8994
13 15.5762 15.9583
12.5 16.1154 17.911
12 16.0496 18.2906
17 17.8248 18.1285
13 13.7779 14.0944
11 10.7663 11.722
7 11.0766 12.3853
9 11.9899 12.879
14 10.8923 12.7809
8 10.4084 11.6804
12 10.6146 11.8198
12.5 12.0355 12.9415
13 12.2979 12.0954
15 13.4069 13.4333
14 15.5101 15.7641
14 17.448 17.1151
18 17.5251 17.2442
11 14.3558 14.583
14 14.0758 14.3132
14 13.6588 13.7575
15 12.4734 12.4914
12 11.0591 11.3693
9 10.9787 11.0667
12 12.0119 12.0761
11 11.0615 11.5771
11 11.309 11.6134
13 11.346 11.5115
12 15.8555 15.8787
11 14.6374 14.89
14 14.1874 14.5114
14 15.0754 15.2499
17 16.961 16.9764
20 20.8181 20.0673
17 23.5328 22.8533
21 24.0521 23.9872
20 27.7947 26.7462
28 28.7755 28.7361
29.5 34.8523 33.4751
31 38.9163 36.5597
28 30.7781 30.3993
31.5 32.3076 32.0628
35 33.8371 33.7264
40 35.7124 36.5502
38 39.9076 39.9829
40 45.202 45.7255
47 52.6971 51.8374
51 55.7087 56.1123
56 57.9066 57.8467
129.52380952381 71.3766 76.2118
127.142857142857 75.9148 80.8828
124.761904761905 85.9609 90.5303
122.380952380952 101.72 100.808
120 109.504 108.776
116 117.574 110.865
94 103.4 95.9907
62 75.5043 71.1517
36 54.5784 53.2335
26 48.7411 47.5733
37.5 47.9902 47.1644
49 63.708 54.4509
15 30.844 27.031
27.5 24.0994 21.6506
40 23.7502 21.9487
22 21.4537 19.6159
12 29.0341 26.5374
12 32.0974 27.8867
20 29.772 26.5532
20 32.2359 28.1826
34 48.9549 40.6973
52 51.6935 41.7681
60 54.3269 44.4288
56 54.6217 44.0042
63 54.7715 43.8169
61 60.0059 47.2848
61 75.6944 63.419
63 65.8277 54.0472
91 59.9009 54.495
36 48.508 44.5741
29 44.5804 44.9362
32.5 41.8861 42.6174
36 42.2907 42.2198
40 44.1538 42.9087
44 46.0003 44.4469
115.5 52.4137 50.5097
187 57.1494 54.9345
52 59.6163 57.6579
43 52.9265 52.5855
42 54.9241 57.2725
42 51.3622 51.3538
44 53.7169 54.5622
50 53.6877 52.9271
50 56.1745 55.1106
57 59.83 57.5287
64 64.5374 60.7865
66 66.8086 64.4964
61 67.5874 65.3514
74 69.0232 66.1051
74 70.3508 67.1281
91 82.7298 82.1718
99 89.7687 86.887
88 92.4255 90.1927
84 87.4446 84.9015
81 86.5016 83.3589
80 92.4257 91.526
64 90.9628 88.1064
48 74.7947 70.242
32 58.0313 53.8777
16 39.8565 38.6334
20 35.6088 33.0257
16 33.5709 32.4469
13 28.3207 28.5219
18 31.8062 29.6909
16 24.6962 26.8075
20 30.8501 32.4654
20 45.1558 42.5727
53 59.487 53.3886
86 67.8954 60.2098
85 60.6557 55.1468
79 55.3568 48.8147
67 56.2494 52.0093
81 56.0561 48.6512
78 61.7973 53.1814
63 69.9746 60.0215
51 63.7266 60.4156
109 60.5869 58.5759
48 58.0124 54.2579
35 52.3433 51.5075
38 55.0126 55.2627
101 51.6689 53.281
95.8 55.4002 55.3434
90.6 53.5456 54.8145
85.4 52.2348 55.4369
80.2 58.8362 59.6324
75 60.7219 61.0526
85 58.6177 62.5659
