94 81.4433 88.765
77 84.4587 83.2107
89 84.9041 77.1998
110 85.8938 70.0482
116 82.4811 67.5742
109 81.6167 66.3638
108 83.8032 69.3744
101 83.2263 73.3662
100 81.0416 77.4329
110 85.0819 79.1874
109 88.6468 84.9336
99 95.5526 95.2271
99 105.134 105.369
109 106.98 108.383
103 107.936 112.852
107 113.835 116.786
107 114.115 115.931
106 112.918 113.774
121 120.842 115.797
111 125.758 121.097
123 131.457 129.072
142 133.194 135.001
145 141.909 140.306
151 145.664 145.012
163 148.731 136.592
172 145.583 122.143
171 137.439 110.387
176 126.895 99.8839
178 125.646 99.3212
170 124.786 102.814
181 128.896 106.875
170 133.682 111.383
174 135.686 114.755
136 118.428 112.075
31 87.4406 73.0812
18 78.5488 49.41
20 54.6671 39.1751
42 50.8054 40.0966
85 83.167 70.8028
111 106.797 96.6606
93 103.939 102.083
66 78.8245 81.6831
38 48.1527 56.0121
32 30.6395 47.6876
22 26.8162 28.8224
22 24.3694 25.752
22 21.9734 26.188
19 21.121 27.6814
33 24.2884 28.676
26 25.296 29.8166
31 25.7523 31.577
37 30.0511 36.6874
48 30.3147 39.5825
46 27.5383 44.6018
44 22.3668 54.9269
58 24.2861 55.9877
45 30.2421 44.3286
45 27.9683 53.6303
52 31.1664 63.3326
37 48.9619 81.3199
47 63.5146 105.584
82 79.9228 122.953
105 105.466 135.801
112 113.63 143.186
134 118.927 143.737
117 110.711 123.395
65 104.172 99.3674
65 81.9403 88.2288
75 71.2389 86.3694
71 86.3331 89.9714
64 69.5604 85.0907
62 72.4814 90.4422
65 74.9436 98.8218
75 78.5423 108.954
113 84.6374 110.898
136 99.4139 110.116
131 93.9235 109.103
123 98.7216 112.652
121 102.741 117.811
116 106.81 120.154
110 110.259 122.107
121 110.703 124.036
115 114.687 128.5
123 123.569 134.6
143 132.383 144.677
151 152.762 156.441
160 155.963 158.432
14 26.6935 20.1248
14 27.3259 20.8635
10 27.0283 18.922
15 23.5334 19.3377
18 27.6251 21.4792
19 29.1713 22.8066
18 26.4279 21.2409
16 24.1865 19.8322
20.8 24.3043 22.2467
25.6 24.4222 24.6612
30.4 24.54 27.0757
35.2 24.6579 29.4902
40 26.6959 31.9159
45 35.9797 35.7079
40 45.3748 43.8207
46 50.671 53.7269
58 54.8916 63.2877
77 60.3254 61.7236
80 60.2088 54.7776
46 58.7867 45.1054
38 56.9476 41.6689
33 50.2785 40.7563
33 44.7512 38.8672
36 41.9309 39.6249
32 45.4618 40.1727
33 47.3438 40.6087
34 46.8542 41.577
38 48.9567 44.0363
31 50.9897 44.9067
39 55.0587 49.8233
52 58.5141 55.5621
51 58.9515 65.3075
52 61.205 70.3987
58 64.8287 70.4687
57 68.344 70.1836
62 70.2432 70.6241
64 68.2837 70.1272
63 71.5061 71.2003
63 73.6299 72.0329
66 75.1898 74.7937
73 80.156 80.2013
83 93.2808 90.0907
85 100.947 98.289
101 108.834 103.583
95 112.116 107.097
101 111.45 112.405
107 111.906 116.924
102 114.819 121.079
94 113.982 122.732
90 116.257 125.362
88 113.839 126.234
58 102.495 123.234
12 70.045 91.6147
20 48.1497 48.0551
25 37.1769 27.6684
30 29.8631 23.5718
29 26.4887 26.312
31 28.7624 27.3543
22 26.1398 23.8927
19 26.2439 22.7222
24 23.0737 21.6642
26 20.4577 20.6215
24 19.4108 19.1928
16 18.6703 17.9644
18 18.2818 17.1028
18 18.9417 18.3918
17 21.2172 20.2489
25 21.688 22.2279
17 21.3911 21.4698
17 20.4166 20.1102
16 18.7318 18.0592
16 18.1247 17.2539
18 17.2311 16.3911
16 17.7346 17.2091
14 15.993 15.5985
13 14.0959 14.6585
12 14.4311 14.1339
14 16.5151 16.2887
13 15.8976 16.2708
17 15.888 15.7069
18 15.856 16.423
12 17.0511 15.8131
8 18.0549 15.3624
20 18.5471 17.608
18 17.3121 17.6439
19 18.2603 18.5511
21 20.0692 20.5466
189 155.924 182.263
194 165.521 190.22
187 177.871 200.834
179 168.459 188.285
153 140.414 155.678
137 123.728 130.648
109 114.255 114.514
105 116.663 114.788
108.65 119.392 116.342
112.3 122.12 117.895
115.95 124.849 119.449
119.6 127.578 121.002
123.25 130.306 122.556
126.9 133.035 124.109
130.55 135.763 125.663
134.2 138.492 127.216
137.85 141.221 128.77
141.5 143.949 130.323
145.15 146.678 131.877
148.8 149.406 133.43
152.45 152.135 134.984
156.1 154.864 136.537
159.75 157.592 138.091
163.4 160.321 139.644
167.05 163.049 141.198
170.7 165.778 142.751
174.35 168.507 144.305
178 171.235 145.858
144 145.24 134.371
96 132.01 119.089
117 123.972 101.993
114 94.3271 87.4295
91 81.2784 83.0662
39 66.127 78.4956
42 56.1881 91.9071
30 63.5949 101.536
41 68.7795 96.2929
45 48.0151 66.5731
35 26.3594 24.8638
15 15.1509 14.4936
15 17.9914 14.1215
25 19.8041 14.9469
18 18.0136 16.7982
8 13.8298 13.1318
10 12.2473 10.2783
7 12.7385 10.0616
5 12.6579 10.7681
8 15.4947 11.6671
6 13.2375 10.5666
6 13.0853 10.649
6 13.7292 11.8286
9 11.866 12.4797
5 12.429 12.5046
7 15.2425 14.8712
17 15.402 16.1181
14 16.1998 16.9759
11 16.1816 15.1724
17 15.1528 14.5057
12 14.3755 14.0861
10 12.7698 12.8493
11 11.8961 11.3082
12 11.0944 10.8501
12 11.6603 11.5945
10 12.0934 11.1197
7 11.8178 11.1912
14 11.5569 11.335
13 15.0695 15.0005
11 15.0198 14.4206
15 14.5811 14.0695
9 15.4026 15.0489
17 16.4222 16.5678
16 16.8927 18.6945
17 20.0546 21.5729
24 22.7147 22.9652
21 22.4978 24.8654
28 27.0748 27.4541
16 27.6204 30.7857
36 29.4547 34.6699
29 29.8085 30.7378
32.5 32.2511 33.0059
36 34.6937 35.274
32 41.1404 39.8878
31 40.4423 40.7062
39 46.071 45.0528
37 48.6827 50.8054
100 56.2624 55.4324
75 57.9873 58.2625
72 58.2583 59.7439
63 56.9804 60.8553
56 56.5055 63.3351
52 55.4287 64.142
58 57.3402 65.5484
61 53.4348 65.5713
59 54.7536 67.2177
46 55.8733 69.7378
69 67.6106 69.1353
84 64.2839 65.881
75 60.4964 60.1583
60 50.1766 52.0748
62 41.9835 49.961
38 30.0576 46.1775
49 33.2438 45.6243
38 35.4219 43.6922
32 38.3004 44.186
34 39.4399 44.2709
37 44.8998 47.4374
44 44.4965 46.5835
41 49.7564 48.9868
60 54.7715 53.42
58 60.579 55.3206
59 62.5109 58.058
67 62.6146 61.0294
71 69.7226 68.715
66 63.3318 67.4376
64 65.1099 72.7523
64 67.3061 75.1162
54 67.254 77.6286
60 68.9617 79.985
56 67.7026 83.7705
64 80.5143 97.1116
108 94.0009 109.373
103 99.0379 116.297
109 104.447 124.322
119 110.938 128.031
129 119.626 129.782
130 129.721 137.407
144 133.166 136.597
168 140.974 138.586
174 154.614 140.304
217 210.002 169.903
311 192.084 244.884
234 110.719 137.218
157 79.2407 94.3929
80 81.1848 89.9716
101 82.4628 95.7747
122 94.3352 96.7908
93 92.7752 95.4797
53 58.2889 65.9242
36 29.4492 37.6698
25 18.5689 30.3127
16 15.6094 22.6659
15 15.5512 29.3593
18 12.0936 20.3456
9 10.2761 12.5298
3 10.9501 12.7291
19 13.3274 13.8796
3 8.03988 10.8267
4 9.47349 12.8542
17 5.18519 12.8255
13 7.17373 15.9094
4 5.79861 21.5143
12 9.75687 21.8497
3 14.1425 22.6642
25 16.79 24.3639
18 25.3096 30.2928
33 37.4383 38.7548
34.5384615384615 39.0196 40.6775
36.0769230769231 40.6009 42.6003
37.6153846153846 42.1821 44.5231
39.1538461538462 43.7634 46.4458
40.6923076923077 45.3447 48.3686
42.2307692307692 46.926 50.2913
43.7692307692308 48.5073 52.2141
45.3076923076923 50.0886 54.1368
46.8461538461538 51.6699 56.0596
48.3846153846154 53.2512 57.9824
49.9230769230769 54.8325 59.9051
51.4615384615385 56.4137 61.8279
53 57.995 63.7506
76 62.4682 68.0786
60 68.7288 72.9366
66 69.4584 76.9573
74 70.9573 78.129
69 73.6291 78.9186
59 78.8544 77.9735
55 75.845 80.4513
63 73.0814 81.8588
47 71.8334 83.82
58 89.3081 88.5293
71 123.014 114.008
76 119.206 117.216
76 111.024 126.767
93 97.3974 114.484
114 94.9125 113.998
81 100.903 115.791
85 103.985 114.225
93 99.6662 113.208
85 104.461 115.558
84 104.053 113.529
87 104.993 119.817
90 105.612 123.227
107 124.65 145.819
117 130.162 150.657
146 140.214 166.958
253 143.469 173.869
252 164.027 177.685
199 142.24 167.145
187 128.439 164.444
165 127.54 157.133
147 121.544 156.779
148 115.636 154.393
132 103.457 145.114
96 115.736 135.615
39 97.7476 107.441
64 88.4999 99.2322
49 78.1915 99.3477
48 70.408 105.419
38 72.3666 102.718
37 68.346 99.4283
38 71.0202 96.424
36 64.6619 87.737
40 60.0182 82.4995
32 58.0959 69.0196
30 55.6699 61.7833
24 60.1434 55.6784
49 45.7166 48.9147
32 42.8456 44.6835
28 54.1494 48.654
40 50.7342 47.3072
20 44.6241 46.7909
48 33.9722 55.2502
25 33.1865 49.6809
54 29.2015 45.5046
40 43.5761 46.2338
26 58.7335 47.4584
35 67.6985 77.8394
69 66.3718 81.7815
92 75.7033 80.6449
108 81.6804 78.3746
100 79.0994 75.3016
96 76.7825 73.98
92 74.4655 72.6584
88 72.1485 71.3367
84 69.8316 70.0151
80 67.5146 68.6935
76 65.1976 67.3719
72 62.8806 66.0503
68 60.5637 64.7286
64 58.2467 63.407
60 55.9297 62.0854
56 53.6128 60.7638
52 49.9309 52.8509
43 28.6779 30.9615
14 18.6869 29.1375
20 28.5349 36.7742
18 30.5421 34.3854
21 32.7228 38.6319
47 47.1106 44.5297
39 42.7646 51.8539
42 51.7439 59.5913
40 85.0217 76.232
63 87.3789 97.215
70 83.2304 108.527
60 83.3648 95.1596
79 83.3249 86.973
72 86.6205 82.143
61 79.836 72.485
74 75.4445 65.9104
68 85.8668 71.0669
64 77.6 68.9752
68 86.1331 76.0275
39 41.669 45.2643
27 43.8422 47.7312
32 51.3195 52.4636
47 49.3263 50.9684
37 43.312 44.4895
44 31.8866 34.3938
30 20.4954 22.1326
23 17.5574 18.601
19 12.6713 13.812
23 14.8651 15.5781
13 11.5741 12.2206
14 12.5821 12.7463
9 14.1217 14.4906
16 20.258 21.084
26 27.7425 27.4762
31 31.0077 32.6687
26 38.4325 39.2061
25 36.7456 37.7033
28 39.2003 40.3425
32 39.4428 43.036
54 45.9025 50.9562
66 59.469 68.8459
91 74.149 78.773
89 79.162 76.0922
75 80.917 75.8013
72 73.9542 71.6064
68 79.6865 73.7084
83 80.1777 73.949
81 71.7843 68.0227
64 71.306 68.8703
60 65.9492 65.5002
68 67.6234 67.5775
61 65.7771 65.4737
68 63.5457 64.09
61 62.0065 62.9061
64 67.0083 68.8047
78 73.6651 75.0453
80 82.6456 84.4119
82 94.2666 97.5584
97 105.635 108.381
114 118.015 120.096
121 129.897 135.282
127 133.613 134.203
144 133.225 133.193
144 130.744 126.674
131 131.16 127.874
140 126.433 120.816
137 123.573 115.691
133 124.829 120.486
126 131.277 127.222
123 133.003 127.831
141 138.725 132.287
126 145.633 140.606
137 143.615 141.453
144 149.738 147.887
143 152.659 154.036
155 151.666 155.692
101 136.523 127.317
85 122.969 113.223
87 111.959 104.34
85 103.829 98.5152
88 106.151 104.022
98 116.113 117.577
99 123.174 123.699
103 123.242 118.623
123 117.529 110.723
125 115.528 109.043
117 111.815 105.87
114 113.73 108.436
118 115.685 110.161
124 117.452 111.707
119 121.167 116.27
127 123.51 119.635
123 133.637 127.909
128 139.354 135.756
139 146.209 143.201
132 151.651 150.385
143 153.482 153.306
147 146.588 141.859
109 131.556 119.594
75 118.287 109.991
65 103.643 97.7567
64 85.881 82.569
58 73.6451 69.419
71 74.741 72.6521
99 83.4708 84.2226
89 95.2685 101.861
156 166.914 166.533
166 171.21 170.815
172 186.549 185.472
170 192.145 187.82
183 186.493 180.083
183 183.767 176.078
178 185.501 177.836
178 189.111 182.272
171 194.144 187.586
182 197.904 192.623
197 199.657 191.219
212 196.784 185.738
215 189.551 177.776
195 180.306 170.362
172 178.713 173.554
174 182.66 180.182
187 181.522 175.914
185 178.634 167.666
176 178.168 168.299
170 180.81 173.238
156 183.478 175.63
160 180.745 172.003
163 176.317 169.118
158 162.435 155.618
143 152.442 148.256
145 156.707 148.256
156 139.949 131.258
147 124.804 117.877
138.333333333333 117.782 110.68
129.666666666667 110.691 103.324
121 103.737 96.2864
112.333333333333 96.7412 89.1532
103.666666666667 89.841 82.243
95 87.5067 80.3149
86.3333333333333 87.6086 80.1395
77.6666666666667 87.8463 80.2827
69 90.0494 83.2957
94 92.9327 85.8668
101 92.1998 85.6097
103 93.0739 87.8632
98 90.3062 87.651
101 86.0589 85.1064
76 77.3204 74.4456
70 70.0254 65.6474
73 64.0924 62.3771
44 68.6097 68.9352
49 65.6547 64.4832
50.5 47.0475 42.6867
52 43.9168 38.9287
43 43.1734 39.1377
29 39.4946 36.9542
36 39.7947 37.6335
32 39.3669 37.8509
33 37.5099 35.9266
49 38.3217 36.2464
37 42.4303 38.9091
42 42.8 40.4512
29 50.0064 46.7913
44 49.6384 48.4385
32 48.0824 46.0968
35 46.0871 43.6389
33 43.8106 41.7509
42 43.4261 41.9899
45 44.2691 42.5562
33 45.6942 43.7484
37 45.9736 44.8434
32 44.7705 44.7577
37 45.1607 44.3733
47 48.7099 50.5378
48 45.8353 47.9888
44 41.8448 43.5287
39 32.9518 35.3045
17 28.4923 30.4698
21 26.9151 26.6269
32 24.6316 24.8139
32 27.497 27.6628
29 30.7385 30.8736
25 33.4155 33.6225
13 32.0886 32.5843
13 23.8465 23.3058
10 17.3049 15.7588
7 16.0513 14.0602
11 14.7332 11.2252
11 13.4554 10.1746
3 12.5263 8.46101
8.5 10.5729 6.78786
14 10.5517 7.15816
13 11.0023 8.07485
10 12.3659 9.48029
11 11.4499 7.8244
12 11.2981 9.42754
6 14.1374 11.3864
4 15.6327 12.7796
24 17.3055 14.9678
3 18.1321 16.1567
11 20.4332 19.4819
19 22.7343 22.8071
27 25.0354 26.1323
35 27.3365 29.4575
43 31.0001 33.2825
42 36.028 35.8317
43 42.2464 41.4681
48 49.2777 50.5613
72 60.4318 64.0821
80 66.6138 67.0889
67 65.1411 62.5408
45 58.0114 51.7242
37 52.6185 45.6348
30 46.8763 42.5008
33 41.0952 38.3798
35 40.6229 39.5165
29 42.6118 40.1584
39 44.2639 41.1564
44 43.6832 41.2341
45 45.5738 43.2843
49 46.4115 43.5989
44 51.1917 48.7516
44 55.4933 54.0704
54 59.5666 62.3264
58 63.4968 67.5291
73 64.5603 66.9933
64 67.9671 68.6783
65 69.7796 69.8307
62 70.1521 70.8531
67 70.6948 70.434
75 71.7711 70.9274
72 74.1955 73.8853
78 78.6969 78.5799
75 90.1091 88.5095
77 94.4202 93.0714
94 102.038 99.5154
97 104.616 102.196
95 107.351 107.607
96 109.11 111.195
106 112.284 114.925
112 111.063 114.832
108 108.656 112.609
109 106.447 111.895
49 95.4374 104.682
15 56.7018 66.4278
20 27.3564 27.3575
20 18.0047 13.7539
24 21.9276 19.072
23 27.1537 27.018
31 28.762 28.0692
22 23.6768 22.6267
16 23.7804 22.154
28 22.5132 21.8346
18 21.0769 21.1059
20 18.033 17.9048
17 18.2271 17.8732
16 17.5751 17.0111
14 19.5223 19.2334
21 21.61 21.1285
27 22.9451 23.1413
20 21.5193 21.5131
15 19.7586 19.5862
22 17.9532 17.6181
14 17.7738 17.3492
18 16.7891 16.3797
18 18.1112 17.8392
18 15.3963 15.1922
11 14.0375 14.2657
15 14.1143 13.9548
13 16.3339 16.2009
15 16.0234 16.1612
16 15.5901 15.4799
15 16.5346 16.7568
18 17.1054 16.5142
20 16.6002 15.3594
20 18.2046 17.7476
13 17.3722 17.487
16 17.4454 17.5443
17 20.8005 20.9696
207 160.977 172.728
197 169.317 180.308
212 180.204 190.383
174 169.174 177.935
167 142.907 149.618
146 122.987 125.928
113 109.904 109.826
98 108.069 107.031
101.6 110.471 108.892
105.2 112.874 110.754
108.8 115.277 112.615
112.4 117.68 114.477
116 120.083 116.338
119.6 122.486 118.2
123.2 124.889 120.061
126.8 127.292 121.923
130.4 129.694 123.784
134 132.097 125.646
137.6 134.5 127.507
141.2 136.903 129.369
144.8 139.306 131.23
148.4 141.709 133.092
152 144.112 134.953
155.6 146.514 136.815
159.2 148.917 138.676
162.8 151.32 140.538
166.4 153.723 142.399
170 156.126 144.261
129 136.442 131.214
133 125.954 119.805
135 115.446 105.185
95 92.7363 89.4046
78 77.1223 77.8107
40 59.668 65.2312
46 64.2755 80.457
65 73.091 90.2599
68 70.5483 82.9805
34 42.0641 50.4891
5 15.7684 15.0937
12 15.0563 14.7274
20 19.0964 17.2812
14 19.7994 17.5363
16 18.4993 17.9054
11 13.5675 13.2219
10 12.07 11.1489
10 12.7221 11.4755
6 13.0954 12.2089
8 13.8706 12.1075
10 11.9945 10.7575
9 12.2863 11.1523
3 13.1669 12.2755
8 10.576 10.8386
12 12.6547 12.6642
8 14.6058 14.41
17 15.5394 15.8374
21 15.5319 15.8598
12 14.1278 13.6493
17 13.768 13.4508
10 12.995 12.8422
15 11.5018 11.5216
13 10.8062 10.5216
6 10.3338 10.2064
8 11.3122 11.2621
6 11.0774 10.6161
15 11.1246 10.8212
12 10.7824 10.6653
14 14.6984 14.6418
3 13.959 13.6634
10 13.5215 13.2687
18 14.2438 14.0599
12 15.5329 15.5767
13 17.8687 18.6583
17 20.1656 20.8262
25 21.9855 22.0611
25 23.3107 24.349
22 26.3662 26.4966
30 29.5919 30.979
20 31.1618 33.485
19 27.2207 27.6039
25 28.6817 28.9859
31 30.1427 30.3679
33 33.1102 32.5068
38 35.931 36.0052
40 42.4389 41.9136
39 46.461 47.3598
45 52.2128 51.755
46 53.0521 53.1001
46 53.7792 54.3697
34 53.572 55.2382
39 53.3342 56.336
37 51.9844 55.8428
33 53.6655 57.2922
38 50.7385 56.1371
36 51.2303 56.7784
47 52.9765 59.1504
53 54.6059 55.2357
65 55.6472 56.2871
68 51.4923 51.2745
59 44.9408 45.7308
59 40.3641 43.8866
65 36.4443 43.6281
60 35.2354 40.747
47 35.7369 39.399
34 39.7649 42.3445
38 40.9617 43.0648
41 46.6052 47.6645
38 47.4365 48.2863
28 50.1455 49.7092
23 54.0299 53.3229
32 56.8491 54.3873
40 57.627 55.531
52 57.4475 56.6481
32 64.6156 64.0501
47 58.9478 60.7176
47 61.9093 65.2705
56 62.0806 65.5226
51 62.7926 67.3919
66 63.7056 68.5969
72 64.3382 71.4995
59 76.746 84.1298
97 88.7102 95.5242
109 97.6699 105.312
115 107.87 116.655
129 113.489 121.018
125 122.991 127.366
140 135.563 138.779
153 136.44 137.743
139 138.867 137.555
133 146.205 139.514
169 215.873 197.328
188 201.68 225.169
73 93.9355 105.865
105 86.2516 92.9544
98.75 83.5544 87.3865
92.5 88.9121 94.7858
86.25 89.1625 90.1643
80 82.7214 83.8679
58 52.5587 55.9585
22 30.3204 33.9929
16 23.8159 29.0694
11 18.6453 21.7962
11 27.1169 33.2723
5 19.6904 23.361
6 11.1103 12.1131
14 9.65116 10.4453
4 11.9392 12.1738
4 8.71111 9.95512
17 10.9437 12.4448
8 9.5187 12.9401
9 11.1943 15.1129
3 14.4896 21.5178
3 15.286 20.6921
7 17.4552 21.2507
10 18.3009 21.6713
21 23.2294 25.4367
30 27.232 27.8086
38.3333333333333 29.4741 30.1998
46.6666666666667 31.7161 32.5909
55 33.9582 34.982
63.3333333333333 36.2003 37.3731
71.6666666666667 38.4423 39.7643
80 40.6844 42.1554
88.3333333333333 42.9265 44.5465
96.6666666666667 45.1685 46.9376
105 47.4106 49.3288
113.333333333333 49.6527 51.7199
121.666666666667 51.8947 54.111
130 54.1368 56.5021
138.333333333333 56.3789 58.8933
146.666666666667 58.2892 60.7458
155 62.4917 64.3236
106 65.3008 68.6034
82 66.2576 69.4154
60 69.5896 71.8879
38 48.1662 49.5621
46 51.4048 52.9147
55 57.6482 58.0924
58 55.9291 56.5666
41 48.5807 49.0378
35 37.5318 38.5052
30 23.2036 23.8392
22 18.6848 19.09
24 13.9972 14.4401
18 15.6075 15.8843
13 12.7237 12.9747
11 13.3305 13.3943
16 15.4716 15.6148
23 22.3094 22.6301
37 29.8726 29.7692
41 34.8868 35.5317
49 42.1337 42.434
50 41.4483 41.8201
23 44.6648 45.1082
40 47.0795 48.4746
40 54.9711 56.9332
61 71.2677 74.9082
80 82.1462 83.9415
91 81.766 80.5741
77 81.25 79.2638
73 75.7017 74.7901
61 78.9177 76.5967
69 79.4396 77.0213
80 72.6377 71.1773
69 73.2202 72.2746
68 69.6961 69.5217
76 71.7131 71.6953
75 69.9676 69.8498
63 69.0355 69.2468
67 67.9036 68.2529
73.5 73.5655 74.2629
80 80.2338 80.7696
89 90.4601 91.1459
117 103.947 105.226
129 115.906 116.972
149 128.499 129.307
155 142.065 144.156
163 142.87 143.099
162 141.364 141.351
154 135.444 133.863
157 136.396 135.12
138 129.859 127.678
128 124.918 121.857
119 128.483 126.797
124 135.582 134.007
136 137.315 135.306
141 142.601 140.101
134 150.718 148.766
142 151.205 150.365
143 158.688 158.099
159 163.672 164.15
148 162.43 163.771
95 134.432 131.362
87 119.602 116.352
84 110.668 108.133
84 105.109 103.347
104 110.22 109.519
118 123.71 124.204
127 129.602 129.78
142 124.543 123.004
139 117.174 114.908
124 116.009 113.856
118 113.037 111.064
120 115.641 113.885
124 117.743 115.912
128 119.832 117.93
129 124.118 122.495
128 127.56 126.277
130 136.951 135.052
133 144.579 143.39
139 152.91 151.922
146 158.829 158.411
148 159.584 159.516
155 146.962 145.368
91 126.131 122.137
78 114.613 111.835
74 101.319 99.343
64 86.4583 85.3456
62 74.7247 73.326
82 79.0857 78.4082
104 89.3733 89.633
92 103.821 105.996
69 96.2114 97.2676
69 92.4904 92.2335
70 87.2836 86.0386
70 80.3754 77.8914
71 77.5967 75.256
65 76.2424 73.8486
65 78.7437 76.4755
71 81.0782 79.5146
79 83.596 82.9909
84 84.7796 83.8324
88 89.6153 89.0097
94 100.876 100.781
91 110.9 110.888
102 113.695 113.864
107 117.495 118.209
117 122.636 123.04
112 123.033 123.255
119 123.231 123.29
119 125.42 124.58
132 130.943 130.159
143 137.709 137.275
148 144.641 144.844
159 151.429 151.099
163 158.948 158.757
162 155.972 153.997
136 145.173 141.448
118 134.363 130.081
103 120.795 116.534
98 117.788 113.644
96 118.672 115.207
101 121.893 118.424
103.5 126.425 122.912
106 129.068 125.767
54 121.709 120.679
44 71.6033 69.437
25 46.8951 42.481
27 40.4216 38.0668
34 47.0216 45.3542
62 85.8301 83.8592
64 108.71 107.097
66 109.572 109.259
56 85.4663 85.902
41 54.5995 55.8265
34 46.0242 48.6454
27 28.889 29.1934
31 27.5162 27.7141
31 26.9353 27.5734
28 27.7213 28.7234
35 28.5629 29.2327
41 29.1306 29.8236
31 29.5925 30.4939
26 35.0624 36.0846
34 39.3433 40.7592
38 42.3672 44.9853
29 50.8565 55.8689
26 50.3533 55.2439
29 39.4229 41.6138
34 47.7879 51.7573
30 56.1843 61.1585
38 75.7541 80.7459
44 98.4995 104.98
56 117.611 124.228
75 137.929 142.557
104 150.02 154.499
110 158.572 162.281
82 142.397 144.233
63 118.434 117.595
61 101.475 102.363
66 96.6523 98.9091
71 104.342 104.808
65 90.5744 92.9158
71 93.5135 96.2434
69 100.468 104.109
73 112.442 117.069
68 117.805 121.781
68 115.403 117.006
72 117.34 119.61
79 119.896 121.979
96 124.444 126.706
104 127.32 129.315
108 129.815 131.576
116 131.818 133.805
121 136.181 138.238
121 143.503 145.127
295 152.476 154.297
143 168.713 169.194
126 170.156 170.454
206 182.329 186.873
212.5 190.801 195.059
219 202.002 205.953
187 189.287 192.691
161.333333333333 158.495 161.1
135.666666666667 134.298 135.459
110 118.336 118.338
112 116.801 116.444
114.1 118.878 118.314
116.2 120.954 120.184
118.3 123.031 122.054
120.4 125.107 123.924
122.5 127.184 125.794
124.6 129.261 127.664
126.7 131.337 129.534
128.8 133.414 131.404
130.9 135.491 133.274
133 137.567 135.144
135.1 139.644 137.014
137.2 141.72 138.884
139.3 143.797 140.754
141.4 145.874 142.624
143.5 147.95 144.494
145.6 150.027 146.364
147.7 152.104 148.234
149.8 154.18 150.104
151.9 156.257 151.974
154 158.333 153.844
137 142.496 140.527
142 129.375 127.047
130 114.545 110.645
114 95.5615 94.3043
98 84.2277 84.5193
46 71.7994 73.9599
50 83.3016 89.5021
83 93.2823 99.857
134 88.0611 92.8361
75.5 56.031 59.2839
17 19.6919 19.4618
12 15.6893 15.5666
16.5 17.9517 17.2547
21 18.5913 17.7256
15 18.8627 18.6373
13 14.147 14.0173
7 11.8906 11.5411
11 12.1722 11.6977
10 12.8038 12.4676
7 13.3762 12.7104
10 11.8311 11.3634
11 12.1035 11.6735
12 13.224 12.8867
13 11.9868 12.0917
11 13.3946 13.4004
13 15.5436 15.4729
13 16.8087 16.9263
16 17.1121 17.2429
15 15.2113 15.0368
15 14.7772 14.6618
14 14.1343 14.0814
17 12.6942 12.7075
13 11.5592 11.4554
10 11.1146 11.0703
12 12.0988 12.083
10 11.6281 11.4566
12 11.7392 11.6277
11 11.6068 11.5671
18 15.7002 15.6833
14 14.8907 14.7833
11 14.4694 14.3792
11 15.3503 15.2859
15 16.8744 16.8983
19 19.532 19.838
16 22.1307 22.3905
22 23.7222 23.7578
26 25.6502 26.0529
26 28.4299 28.4894
27.5 32.3137 32.8488
29 35.0991 35.9946
33 30.2694 30.4287
35.5 32.0761 32.2077
38 33.8828 33.9867
39 37.3305 37.1268
41 39.8553 39.9048
51 45.8154 45.6353
52 51.1656 51.5295
60 56.4327 56.2809
68 58.1866 58.2306
69 75.3768 75.2717
71.5 80.3841 81.102
74 82.9017 84.2452
70 77.8793 79.7473
79 83.1476 83.0617
104 99.1577 97.8779
124 113.753 113.466
131 123.981 126.392
121 111.775 114.402
120 111.605 114.538
140 112.076 114.384
135 113.321 114.9
134 112.951 115.032
112 115.826 117.529
80 112.496 113.957
79 119.477 121.758
109 122.126 124.833
116 138.483 141.764
127 145.724 148.897
130 161.998 166.125
134 171.271 175.947
143 187.281 189.32
159 173.546 177.317
161 171.054 176.519
152 163.104 167.591
148 160.533 165.903
139 155.013 160.954
141 143.384 149.79
121 124.215 127.335
114.571428571429 97.5512 99.1063
108.142857142857 88.4264 90.1392
101.714285714286 91.1807 94.4695
95.2857142857143 95.8709 101.289
88.8571428571429 95.9327 100.622
82.4285714285714 92.8591 97.6557
76 89.6637 93.5916
69.5714285714286 83.0572 86.6201
63.1428571428571 77.4665 80.941
56.7142857142857 63.8049 65.5093
50.2857142857143 55.842 56.8162
43.8571428571429 51.2364 50.5864
37.4285714285714 52.615 53.0942
31 49.2451 49.505
26 57.3436 56.4573
29 53.4037 52.845
32 51.7249 52.0306
35 58.6776 61.9186
33 54.0132 56.5145
32 46.8955 49.3804
27 43.4637 43.8973
40 40.9057 39.2406
128 71.0082 72.605
98 79.9756 82.3465
89 84.5185 85.2635
86 84.3756 83.8449
84 80.6369 80.0317
79.4545454545455 78.5306 78.082
74.9090909090909 76.4242 76.1323
70.3636363636364 74.3178 74.1826
65.8181818181818 72.2115 72.233
61.2727272727273 70.1051 70.2833
56.7272727272727 67.9988 68.3336
52.1818181818182 65.8924 66.384
47.6363636363636 63.7861 64.4343
43.0909090909091 61.6797 62.4846
38.5454545454545 59.5733 60.535
34 57.467 58.5853
44 47.4602 47.9444
25 29.7597 30.1214
20 28.2279 29.8346
19 37.0226 38.2788
28 35.178 35.7653
36 39.6524 40.5546
44 45.8892 45.4857
43 51.6513 53.0404
56 55.931 57.1567
69 66.3586 65.0727
186 91.7447 93.2741
173 106.016 109.895
124 98.7194 100.506
119 93.9143 94.4385
119 92.3334 91.593
98 82.5149 81.3336
76 72.6113 71.114
83 79.7218 77.4059
85 73.4724 72.1299
88 81.6646 80.0916
54 66.9327 65.9519
69 64.3419 63.8631
66 64.5255 64.0883
83 65.3272 65.2272
84 65.7697 66.2618
78 67.5533 68.6648
75 71.2007 72.4818
95 70.4181 72.5263
77 71.8902 73.7458
54 68.9394 71.1478
44 71.8316 74.023
47 79.9012 81.0181
51 78.2144 78.9807
59 83.013 83.9021
75 91.4377 93.7639
81.5 90.7741 94.0095
88 86.0342 88.5061
67 79.1128 80.8053
60.5 68.8296 69.2254
54 58.5464 57.6456
65 52.3073 52.4327
54 58.509 60.0858
64 67.4484 69.5913
75 77.3934 79.1063
89 89.8951 91.8607
103 96.9823 98.1998
113 92.5969 93.6598
118 91.5089 92.1627
114 84.4348 85.5076
116 87.3124 88.6775
111 89.808 91.4641
109 91.8241 94.0204
113 93.7053 95.713
104 93.6711 96.0111
96 96.8386 99.3765
102 110.038 112.818
111 126.037 128.554
120 135.518 138.189
134 141.872 144.833
164 147.211 150.028
149 147.88 149.016
134 143.374 143.642
96 123.987 123.821
100 110.622 110.121
85 96.876 96.6768
84.5 94.7215 94.1758
84 91.0187 90.5298
80 91.578 90.6063
74 81.4094 80.2365
61 69.892 68.1547
51 65.6522 64.3392
53 69.3501 67.9094
59 65.0389 63.8835
59 67.7628 67.1446
64 71.7823 71.7741
74 77.4675 77.7669
105 80.1546 80.7228
96 84.8494 85.6588
88 90.1153 90.8466
83 100.63 101.582
93 111.028 112.001
98 124.484 125.461
108 137.909 137.464
104 132.277 132.607
115 136.491 136.044
118 134.112 133.774
118 137.493 136.885
115 134.043 132.981
109 107.984 107.737
69 83.6271 84.1339
37 44.524 43.648
49 45.0178 45.2171
52 51.7657 52.9384
56 51.1014 52.0304
53 44.8293 44.6604
39 46.621 46.6831
39 45.6814 45.4975
42 38.9352 37.5859
37 35.7304 34.3195
31 40.3566 39.8461
33 39.3649 38.9557
36 39.8702 39.1779
38 44.1585 43.6595
46 45.5893 45.309
47 49.0773 48.994
42 49.3274 49.1439
42.3333333333333 46.5722 46.4846
