94 83.1687 90.282
77 85.8704 84.3721
89 85.7464 77.8593
110 86.5718 70.4271
116 83.6446 68.3054
109 82.5371 66.8755
108 84.9986 70.1819
101 84.111 74.0575
100 82.4802 78.4984
110 86.1279 79.9893
109 89.2786 85.3016
99 96.2788 95.7008
99 106.188 106.238
109 107.595 109.07
103 108.357 113.439
107 114.288 117.401
107 114.369 116.242
106 113.225 114.1
121 121.121 116.041
111 124.985 120.59
123 130.811 128.681
142 132.138 134.399
145 141.705 140.171
151 145.3 144.894
163 148.644 136.577
172 146.679 122.854
171 139.361 111.522
176 128.402 100.729
178 127.178 100.195
170 126.056 103.609
181 130.217 107.724
170 135.198 112.368
174 137.212 115.755
136 119.29 112.512
31 90.3045 75.0301
18 80.9567 50.7994
20 56.0637 40.0171
42 51.197 40.4094
85 83.3621 70.9198
111 106.564 96.7664
93 105.534 103.193
66 80.5489 83.0301
38 48.8438 56.6361
32 31.2605 48.4435
22 27.0259 28.9878
22 24.4444 25.8225
22 22.3324 26.5012
19 21.0835 27.7974
33 24.8031 29.096
26 25.8595 30.2647
31 26.5392 32.1762
37 30.4326 36.991
48 30.9815 40.1648
46 28.2725 45.2947
44 23.7939 56.5551
58 25.9261 57.6644
45 31.4145 45.3828
45 29.8802 55.4059
52 32.8242 65.1453
37 51.0691 83.5356
47 68.0046 109.645
82 83.7299 126.628
105 107.603 138.129
112 114.384 144.346
134 121.174 145.668
117 113.86 125.905
65 107.545 102.061
65 83.9097 90.0306
75 72.3131 87.6407
71 88.5208 91.8336
64 70.809 86.4355
62 74.0838 92.0175
65 76.9055 100.784
75 81.1316 111.408
113 86.9125 113.173
136 102.594 112.812
131 96.5033 111.444
123 100.854 114.669
121 103.748 118.794
116 107.218 120.603
110 110.3 122.412
121 111.083 124.575
115 114.501 128.72
123 124.035 135.248
143 133.195 145.615
151 154.903 158.142
160 156.774 159.311
14 26.5298 19.9959
14 27.3032 20.7796
10 27.0333 18.8586
15 23.6921 19.5706
18 27.622 21.2257
19 28.8297 22.3263
18 26.3082 21.3981
16 24.0415 19.5656
20.8 24.1823 21.8915
25.6 24.3232 24.2173
30.4 24.4641 26.5431
35.2 24.6049 28.869
40 26.2753 30.8718
45 35.9873 35.4451
40 45.4874 43.7847
46 50.712 53.1988
58 54.5862 62.2709
77 60.1222 61.4781
80 60.6369 55.7708
46 58.9147 46.1196
38 57.266 42.9968
33 50.4889 41.5299
33 44.9834 39.4306
36 42.2742 40.3243
32 45.7422 41.0231
33 47.8035 41.4565
34 47.1509 42.3327
38 49.229 44.9428
31 51.1757 45.6338
39 55.4551 50.5777
52 58.7313 56.1019
51 58.9572 65.0925
52 61.194 69.9846
58 64.9373 70.3443
57 68.4663 70.0666
62 70.3935 70.935
64 68.3846 70.4373
63 71.6224 71.5408
63 73.8802 72.4522
66 75.2654 74.832
73 80.426 80.6267
83 93.7271 90.8818
85 101.517 99.1883
101 109.191 104.381
95 112.177 107.373
101 111.506 112.231
107 111.931 116.42
102 115.032 121.102
94 114.401 122.946
90 116.601 125.348
88 114.193 125.877
58 102.58 121.969
12 70.6393 91.4772
20 48.4782 49.3145
25 36.8677 27.7463
30 29.9347 23.6795
29 26.1595 25.9006
31 28.8839 27.5344
22 26.0273 23.9629
19 26.0903 22.5435
24 23.1167 21.8962
26 20.4557 20.6124
24 19.5468 19.3148
16 18.6535 17.9573
18 18.3401 17.1971
18 18.9746 18.3893
17 21.1681 20.1288
25 21.7845 22.37
17 21.4616 21.5415
17 20.5522 20.6056
16 18.751 18.1552
16 18.178 17.4302
18 17.1808 16.2483
16 17.6754 17.3607
14 15.9216 15.561
13 14.1144 14.761
12 14.4062 14.1694
14 16.5136 16.5226
13 15.9772 16.4258
17 16.0749 15.8401
18 15.8197 16.2
12 17.0916 15.8803
8 17.9024 15.3489
20 18.5888 17.553
18 17.3826 17.5441
19 18.2361 18.5318
21 20.186 20.7183
189 153.711 179.94
194 162.004 186.95
187 175.553 198.413
179 169.839 188.355
153 139.792 153.868
137 125.99 131.541
109 120.642 118.697
105 117.594 114.904
108.65 120.262 116.479
112.3 122.93 118.055
115.95 125.598 119.631
119.6 128.266 121.207
123.25 130.934 122.783
126.9 133.602 124.359
130.55 136.27 125.935
134.2 138.938 127.511
137.85 141.606 129.087
141.5 144.274 130.663
145.15 146.942 132.239
148.8 149.61 133.815
152.45 152.278 135.39
156.1 154.946 136.966
159.75 157.614 138.542
163.4 160.282 140.118
167.05 162.95 141.694
170.7 165.618 143.27
174.35 168.286 144.846
178 170.954 146.422
144 144.841 134.538
96 130.828 118.776
117 123.009 102.73
114 99.5285 91.0545
91 84.283 84.5887
39 69.4596 80.7966
42 56.4277 89.4328
30 62.5697 98.0657
41 66.0882 92.1816
45 46.9012 64.2285
35 27.8895 26.9132
15 15.5592 15.5248
15 18.1213 14.4548
25 19.9639 15.319
18 16.3171 15.8723
8 13.6971 13.1405
10 12.3152 10.5657
7 13.2394 10.8744
5 12.698 11.4954
8 15.6357 12.2176
6 13.4084 11.1257
6 13.2323 11.0131
6 13.6542 12.1153
9 12.0522 13.0341
5 12.544 12.5381
7 15.7578 15.0829
17 15.5014 16.5631
14 16.3136 17.7457
11 14.6724 14.4208
17 14.6713 14.5016
12 13.9671 14.2534
10 12.7365 12.8882
11 11.8851 11.5393
12 10.9882 10.9665
12 11.8034 11.7681
10 12.3198 11.4528
7 11.8847 11.0662
14 11.6691 11.3847
13 15.193 15.3425
11 15.0884 14.5297
15 14.9648 14.4156
9 15.3809 15.3867
17 16.6427 17.0472
16 17.1908 19.2091
17 20.4046 22.3213
24 23.028 23.4717
21 22.9793 25.8265
28 27.4686 28.5165
16 27.9631 32.2173
36 29.9904 35.9124
29 29.9404 31.5495
32.5 32.3985 34.3068
36 34.8567 37.0641
32 41.8926 41.3065
31 41.4953 41.4679
39 46.3906 45.8354
37 50.225 48.8738
100 56.8761 54.3759
75 58.2233 58.2335
72 57.9819 59.5958
63 56.5689 60.546
56 55.8157 62.5206
52 54.7542 63.1661
58 57.0698 65.3309
61 52.6933 64.844
59 54.5493 66.8987
46 55.6106 69.3824
69 67.2141 69.3151
84 63.7292 66.803
75 60.0654 60.8438
60 49.0356 51.1187
62 41.0666 49.3785
38 29.8524 45.8299
49 33.2261 45.9763
38 35.6093 43.5271
32 38.6994 43.9971
34 39.7111 44.2905
37 45.6304 48.0965
44 45.1305 47.3961
41 50.7052 50.5648
60 55.693 54.662
58 61.1587 56.5704
59 62.9973 58.7963
67 62.1906 60.995
71 68.7772 68.9837
66 63.9212 67.6316
64 64.9708 72.4762
64 67.1668 75.1323
54 67.0863 77.6549
60 68.9832 80.2124
56 67.2788 83.1246
64 78.0315 95.6731
108 90.6787 107.131
103 98.6691 115.971
109 104.253 124.148
119 110.476 127.218
129 119.762 130.017
130 129.508 137.377
144 132.885 136.405
168 141.114 138.778
174 154.727 141.454
217 209.391 173.601
311 180.894 231.894
234 110.578 138.994
157 79.2345 95.2772
80 81.1463 89.8618
101 80.7197 95.9287
122 90.9244 95.5768
93 87.8061 92.9267
53 57.6661 66.6469
36 29.1861 38.011
25 18.3821 30.8594
16 15.3737 23.2078
15 13.9919 29.9345
18 12.3664 21.2667
9 10.3812 12.7219
3 10.7999 12.7865
19 12.7884 13.6352
3 8.01075 11.1879
4 8.5716 12.5058
17 5.27636 13.2163
13 6.99033 16.728
4 5.74341 23.1514
12 10.3076 22.0103
3 13.5882 21.5858
25 16.8159 24.384
18 25.2852 30.5868
33 37.6318 38.9944
34.5384615384615 39.1377 40.7476
36.0769230769231 40.6435 42.5008
37.6153846153846 42.1493 44.2539
39.1538461538462 43.6552 46.0071
40.6923076923077 45.161 47.7603
42.2307692307692 46.6668 49.5135
43.7692307692308 48.1727 51.2667
45.3076923076923 49.6785 53.0198
46.8461538461538 51.1843 54.773
48.3846153846154 52.6902 56.5262
49.9230769230769 54.196 58.2794
51.4615384615385 55.7018 60.0326
53 57.2077 61.7858
76 61.8472 67.1766
60 65.8218 70.9876
66 68.5568 76.8041
74 70.4471 77.9327
69 73.0132 78.6053
59 78.8821 78.4836
55 75.9002 81.1756
63 73.1234 82.2629
47 71.6961 84.1458
58 89.2516 88.7362
71 123.159 114.428
76 119.338 117.542
76 110.822 128.559
93 97.2704 115.544
114 94.8189 115.033
81 101.02 116.054
85 103.957 114.738
93 99.5613 114.102
85 104.258 115.637
84 103.905 113.626
87 104.771 120.216
90 105.413 123.506
107 124.275 147.303
117 130.15 151.341
146 140.332 167.36
253 143.281 173.975
252 163.905 178.532
199 141.976 168.081
187 128.303 165.471
165 127.455 157.798
147 121.538 156.558
148 115.649 153.098
132 103.516 143.67
96 115.977 133.879
39 98.7757 107.961
64 89.5002 99.6081
49 78.9828 99.958
48 70.6039 104.806
38 72.3776 101.61
37 68.3212 98.8369
38 71.0148 96.454
36 64.6705 87.8193
40 60.0076 82.8518
32 58.3818 70.1563
30 55.9786 63.0081
24 60.4298 56.7443
49 45.8599 49.8624
32 42.8354 45.1997
28 54.3028 48.6514
40 50.757 47.2411
20 44.4501 46.5912
48 33.4839 56.0271
25 32.8234 50.2768
54 28.8124 45.8351
40 43.3789 46.6943
26 58.7738 47.9943
35 67.8935 76.3974
69 66.3699 81.0034
92 75.6897 80.6905
108 81.7497 78.3384
100 79.1934 75.4147
96 76.8652 74.1332
92 74.5371 72.8517
88 72.2089 71.5703
84 69.8808 70.2888
80 67.5526 69.0073
76 65.2245 67.7258
72 62.8963 66.4443
68 60.5682 65.1629
64 58.24 63.8814
60 55.9119 62.5999
56 53.5837 61.3184
52 49.9062 53.0752
43 28.7649 31.2214
14 18.824 28.4825
20 28.4468 36.8726
18 30.5095 34.5896
21 32.7329 38.8619
47 47.1935 44.8151
39 42.7809 51.5579
42 51.8215 59.3124
40 85.2173 76.767
63 87.5259 97.4559
70 83.354 107.556
60 83.2056 95.1129
79 83.2458 87.1784
72 86.5384 82.6896
61 79.8 73.7219
74 75.4623 67.0301
68 85.7708 72.3662
64 77.4471 69.4353
68 85.8595 75.9982
39 40.7937 43.9484
27 43.0786 46.61
32 50.9981 51.8992
47 50.0825 51.9481
37 44.2141 45.7577
44 31.9717 34.3155
30 20.4787 22.0158
23 17.352 18.3584
19 11.9496 12.8592
23 14.2743 14.8114
13 11.1768 11.6885
14 12.5486 12.7794
9 14.0244 14.5432
16 19.2911 19.851
26 26.4769 25.8946
31 29.8121 30.9306
26 37.5993 38.0993
25 35.9652 36.6685
28 37.8282 38.6679
32 38.8589 42.2272
54 45.9772 50.7255
66 58.2068 66.566
91 72.2837 76.4385
89 78.9285 76.4483
75 79.5318 74.5388
72 73.6548 71.4415
68 80.6243 75.4447
83 79.8021 74.2007
81 72.4692 69.157
64 71.607 69.4075
60 65.7381 65.4144
68 66.9726 66.8435
61 65.0493 64.625
68 63.6302 64.2072
61 62.0532 62.874
64 67.0773 68.7954
78 73.6875 75.0972
80 82.4388 84.1796
82 94.0454 97.2165
97 105.751 108.399
114 118.224 120.38
121 129.237 134.352
127 131.831 132.585
144 130.817 131.01
144 128.956 125.575
131 130.684 128.414
140 126.025 121.117
137 123.102 115.461
133 124.36 120.264
126 131.307 127.859
123 133.117 128.271
141 138.751 132.945
126 146.07 141.579
137 143.904 142.001
144 150.072 148.415
143 152.611 153.82
155 153.082 157.045
101 138.053 130.014
85 124.751 116.343
87 113.147 106.524
85 104.795 100.207
88 107.318 105.672
98 116.651 117.921
99 122.852 123.253
103 121.795 117.507
123 116.841 110.729
125 115.781 110
117 112.042 106.744
114 113.962 109.276
118 115.839 110.905
124 117.278 112.155
119 120.681 116.232
127 123.507 120.173
123 133.505 128.521
128 139.252 136.219
139 146.514 143.922
132 152.277 151.21
143 153.904 153.703
147 146.262 141.875
109 133.385 122.769
75 120.079 112.938
65 105.427 100.382
64 86.8137 84.0166
58 74.3738 70.6706
71 75.2613 73.4908
99 81.7535 82.015
89 97.2128 103.689
156 168.352 168.108
166 171.595 171.378
172 188.131 187.378
170 192.543 188.887
183 186.975 181.689
183 183.993 177.458
178 186.49 179.811
178 188.737 182.953
171 194.048 188.343
182 197.99 193.687
197 198.506 191.217
212 195.592 186.221
215 190.358 180.392
195 180.869 172.491
172 180.099 175.575
174 183.922 181.751
187 182.782 177.9
185 178.868 169.389
176 180.478 171.724
170 182.956 176.125
156 185.725 178.759
160 182.204 174.453
163 177.708 171.258
158 163.248 157.141
143 152.976 149.238
145 155.492 148.231
156 138.218 131.167
147 123.958 117.831
138.333333333333 117.47 111.176
129.666666666667 110.887 104.332
121 104.496 97.8649
112.333333333333 98.0478 91.2847
103.666666666667 91.7347 84.9676
95 89.5186 83.0912
86.3333333333333 89.4737 82.8054
77.6666666666667 89.6221 82.8953
69 92.1243 86.0842
94 94.5718 88.3681
101 93.8444 88.0698
103 93.3377 88.9091
98 90.6948 88.6128
101 84.8158 84.195
76 76.2713 74.3063
70 70.404 66.8821
73 65.926 64.4106
44 70.2674 70.5621
49 66.0811 65.1
50.5 48.3021 44.4939
52 44.8539 40.5634
43 44.2295 40.7355
29 40.3902 37.9899
36 40.2145 38.1228
32 39.5118 38.0961
33 37.7317 36.3431
49 38.4877 36.6165
37 42.6184 39.5372
42 42.4791 40.4926
29 49.7517 47.0544
44 49.3315 48.2126
32 47.7462 46.0385
35 46.555 44.1816
33 44.2279 42.3452
42 43.7196 42.5216
45 44.2844 42.7842
33 46.0062 44.1843
37 46.8347 45.9246
32 46.1479 46.145
37 45.6125 45.0331
47 49.4169 51.1214
48 45.9347 47.9549
44 42.0808 43.5389
39 32.6316 34.7462
17 28.6119 30.2866
21 27.0075 26.804
32 24.5675 24.5864
32 26.7943 26.8993
29 30.4245 30.5583
25 33.1074 33.4703
13 32.1047 32.8418
13 23.6623 23.4751
10 17.1251 16.2582
7 15.8056 14.5368
11 14.6639 11.6583
11 14.1005 11.2083
3 13.3909 9.72786
8.5 11.3058 7.82052
14 10.8039 7.58139
13 10.4767 7.80933
10 11.9478 9.2825
11 11.0355 7.67946
12 11.3322 9.65085
6 13.6218 10.9971
4 14.6757 12.0082
24 17.0986 15.0681
3 17.571 15.7016
11 19.9022 18.9287
19 22.2335 22.1558
27 24.5648 25.3829
35 26.8961 28.6099
43 29.9517 31.7934
42 35.7247 35.4388
43 42.208 41.4406
48 48.9065 49.8628
72 59.6017 62.6741
80 66.2865 66.7043
67 66.1032 63.9387
45 58.5252 53.0935
37 53.4903 47.4734
30 47.3837 43.5853
33 41.5468 39.1769
35 41.3796 40.5005
29 43.3276 41.3009
39 45.0808 42.3682
44 44.3535 42.2789
45 46.4039 44.5509
49 46.9903 44.6135
44 51.9265 49.814
44 55.9663 54.787
54 59.5561 62.0078
58 63.4142 66.9586
73 64.6673 66.8117
64 67.9903 68.5399
65 70.1659 70.2692
62 70.521 71.2404
67 71.0706 70.9143
75 72.24 71.5277
72 74.1921 73.8877
78 79.181 79.1306
75 90.937 89.6042
77 95.4831 94.3671
94 102.724 100.57
97 104.708 102.555
95 107.249 107.38
96 108.8 110.49
106 112.629 114.964
112 111.875 115.243
108 109.227 112.701
109 106.772 111.487
49 94.9368 102.868
15 57.375 66.0241
20 28.6466 29.0316
20 17.5044 13.759
24 21.7903 19.1816
23 26.6005 26.4438
31 28.9881 28.3723
22 23.621 22.7258
16 23.382 21.8729
28 22.6692 22.1219
18 21.0344 21.0552
20 18.2183 18.0964
17 18.165 17.8396
16 17.6795 17.1719
14 19.5356 19.2525
21 21.4389 20.9648
27 23.1673 23.363
20 21.6049 21.5983
15 20.28 20.2658
22 18.0201 17.7392
14 17.9279 17.5867
18 16.5668 16.1533
18 18.1767 18.0126
18 15.2899 15.1138
11 14.1306 14.3722
15 14.1284 14.0083
13 16.5375 16.5093
15 16.1925 16.3474
16 15.7943 15.6667
15 16.3029 16.4319
18 17.1877 16.6539
20 16.3869 15.3014
20 18.1446 17.6867
13 17.3288 17.367
16 17.4071 17.4997
17 21.0351 21.2136
207 158.8 169.447
197 166.449 176.547
212 178.205 187.42
174 170.006 177.431
167 141.613 147.214
146 124.351 126.451
113 114.929 113.945
98 108.321 107.052
101.6 110.707 108.979
105.2 113.093 110.905
108.8 115.479 112.831
112.4 117.864 114.757
116 120.25 116.684
119.6 122.636 118.61
123.2 125.022 120.536
126.8 127.408 122.463
130.4 129.794 124.389
134 132.18 126.315
137.6 134.565 128.242
141.2 136.951 130.168
144.8 139.337 132.094
148.4 141.723 134.02
152 144.109 135.947
155.6 146.495 137.873
159.2 148.881 139.799
162.8 151.267 141.726
166.4 153.652 143.652
170 156.038 145.578
129 135.959 131.452
133 124.957 119.734
135 114.444 105.816
95 95.528 91.8363
78 78.0599 78.0796
40 61.5491 66.2109
46 63.9926 77.6308
65 71.4309 86.0905
68 67.1194 77.896
34 40.8584 48.0498
5 16.9785 16.5873
12 15.6573 15.619
20 19.3832 17.8148
14 19.9906 18.0155
16 17.8001 17.5725
11 13.684 13.4232
10 12.2192 11.4644
10 13.3462 12.3321
6 13.5254 12.9932
8 14.0516 12.606
10 12.3677 11.3937
9 12.5044 11.5551
3 13.2796 12.6117
8 10.9892 11.3815
12 12.708 12.6784
8 14.9478 14.6396
17 15.8214 16.2347
21 15.9479 16.5177
12 13.8543 13.7276
17 13.5629 13.4717
10 12.9378 13.0402
15 11.5439 11.591
13 10.9065 10.7487
6 10.4379 10.413
8 11.3827 11.349
6 11.3515 10.9731
15 11.0353 10.6779
12 10.8713 10.737
14 14.9548 14.9906
3 14.0724 13.82
10 13.8102 13.5609
18 14.4176 14.3976
12 15.8818 16.0268
13 18.2715 19.0779
17 20.8316 21.5939
25 22.3691 22.5152
25 24.2478 25.3887
22 27.024 27.4178
30 30.6406 32.3491
20 32.1937 34.5983
19 27.8457 28.4741
25 29.5527 30.3069
31 31.2598 32.1398
33 33.7656 33.4978
38 36.4688 36.4145
40 42.9267 42.6343
39 45.5857 44.9605
45 51.434 50.3206
46 53.0015 52.9332
46 53.4329 54.0405
34 53.1961 54.8011
39 52.7156 55.4801
37 51.3032 54.7971
33 53.8514 57.2767
38 50.2543 55.336
36 50.9067 56.0764
47 52.7255 58.494
53 54.1005 54.9492
65 55.9593 57.1929
68 51.8692 52.1405
59 43.7989 44.6219
59 39.5454 43.0072
65 36.5103 43.2095
60 35.4704 40.8134
47 35.3835 38.685
34 39.4088 41.5874
38 41.092 42.9583
41 47.2831 48.239
38 48.2506 49.1164
28 51.3258 51.1717
23 55.0345 54.5006
32 57.9119 55.873
40 58.1964 56.3307
52 57.6254 57.0308
32 65.139 65.121
47 59.2149 60.7038
47 61.4565 64.5552
56 61.8053 65.0998
51 62.5873 66.9799
66 63.6227 68.2942
72 63.8028 70.4364
59 75.7872 83.1582
97 87.2746 94.1235
109 97.4659 104.65
115 107.693 115.938
129 112.787 119.69
125 123.032 127.162
140 135.144 138.222
153 135.672 136.92
139 138.516 137.292
133 146.579 140.71
169 219.003 203.375
188 193.24 214.503
73 94.4336 106.404
105 86.6854 93.3201
98.75 83.1201 86.6718
92.5 89.3943 95.6717
86.25 88.3381 90.1754
80 81.6656 83.7247
58 53.09 56.8347
22 30.6189 34.3142
16 24.4351 29.6891
11 19.2657 22.5591
11 28.6186 35.3373
5 20.7018 24.4425
6 11.4272 12.4053
14 9.56141 10.3965
4 11.6184 11.9662
4 9.19084 10.5278
17 10.4934 12.1456
8 9.80509 13.1532
9 12.0205 16.1403
3 15.8627 23.1952
3 15.4488 20.3736
7 16.4098 19.759
10 18.4482 21.6164
21 23.3514 25.5653
30 27.0918 27.6599
38.3333333333333 29.2185 29.8855
46.6666666666667 31.3453 32.1112
55 33.472 34.3369
63.3333333333333 35.5987 36.5626
71.6666666666667 37.7254 38.7882
80 39.8522 41.0139
88.3333333333333 41.9789 43.2396
96.6666666666667 44.1056 45.4652
105 46.2323 47.6909
113.333333333333 48.359 49.9166
121.666666666667 50.4858 52.1423
130 52.6125 54.3679
138.333333333333 54.7392 56.5936
146.666666666667 57.2099 59.3845
155 61.2515 63.3501
106 64.9507 68.3481
82 65.5375 68.6321
60 68.8331 71.1082
38 47.833 48.5713
46 51.4207 52.2496
55 57.7812 58.0082
58 57.4461 57.8871
41 50.1864 50.55
35 38.0245 38.5747
30 23.4587 23.8184
22 18.6539 18.8965
24 13.3434 13.5563
18 15.0338 15.162
13 12.3914 12.5137
11 13.4222 13.4775
16 15.5645 15.6876
23 21.3299 21.4638
37 28.4105 28.2802
41 33.6811 33.9444
49 41.3571 41.4815
50 40.9173 41.0908
23 43.5929 43.8006
40 47.2814 48.0766
40 56.0551 57.181
61 71.3364 73.2907
80 81.019 81.9909
91 81.6063 81.0435
77 79.3073 78.1572
73 75.3416 74.8391
61 79.6323 78.4433
69 78.768 77.4809
80 73.283 72.5215
69 73.5493 73.0444
68 69.7997 69.7321
76 71.2208 71.2001
75 69.3302 69.2435
63 69.5715 69.7154
67 68.3696 68.5703
73.5 74.234 74.6449
80 80.8737 81.2135
89 91.0013 91.4214
117 104.647 105.4
129 116.938 117.57
149 129.667 130.186
155 142.606 143.812
163 141.663 141.863
162 139.469 139.544
154 133.968 133.206
157 136.362 135.868
138 129.437 128.32
128 123.681 121.915
119 127.882 126.947
124 135.88 135.104
136 137.414 136.311
141 142.553 141.237
134 151.283 150.272
142 151.93 151.517
143 158.917 158.567
159 163.546 163.861
148 164.207 165.161
95 135.907 134.067
87 121.354 119.428
84 111.799 110.288
84 106.075 105.03
104 111.421 111.06
118 124.107 124.424
127 128.99 129.097
142 122.729 121.746
139 116.283 114.881
124 116.082 114.758
118 113.099 111.887
120 115.724 114.652
124 117.836 116.708
128 119.521 118.35
129 123.33 122.316
128 127.46 126.702
130 136.604 135.472
133 144.301 143.618
139 153.066 152.485
146 159.302 159.077
148 159.824 159.795
155 146.531 145.529
91 127.913 125.465
78 116.422 114.783
74 103.18 102.025
64 87.5055 86.8659
62 75.4073 74.5645
82 79.5253 79.1319
104 87.309 87.3858
92 106.38 107.899
69 98.0892 99.196
69 93.9964 93.7182
70 88.2027 86.8988
70 81.0132 78.3835
71 78.6806 76.1818
65 77.0423 74.4911
65 79.9282 77.5135
71 82.0691 80.4225
79 84.9995 84.33
84 85.8738 84.8593
88 90.1056 89.4425
94 101.463 101.346
91 112.014 111.998
102 114.57 114.783
107 118.212 119.004
117 123.401 123.873
112 123.391 123.658
119 123.611 123.708
119 125.764 124.901
132 130.292 129.543
143 137.18 136.803
148 143.785 144.117
159 151.203 150.917
163 158.746 158.64
162 156.023 154.02
136 146.288 142.383
118 136.054 131.504
103 122.118 117.602
98 119.151 114.752
96 119.89 116.23
101 123.186 119.524
103.5 127.898 124.179
106 130.549 127.052
54 122.293 121.186
44 74.3581 71.8757
25 49.0798 44.2125
27 41.7167 39.1202
34 47.5567 45.7929
62 86.0856 84.0334
64 108.954 107.335
66 111.027 110.625
56 87.211 87.596
41 55.3501 56.6106
34 46.8277 49.629
27 29.079 29.3965
31 27.579 27.7999
31 27.2904 27.9635
28 27.7996 28.8885
35 29.0563 29.7498
41 29.6659 30.3781
31 30.3109 31.2284
26 35.3706 36.4528
34 39.9877 41.4855
38 43.068 45.8317
29 52.6395 57.9725
26 52.2055 57.3779
29 40.6709 42.9398
34 49.8529 54.0069
30 58.2317 63.5087
38 78.3209 83.6247
44 103.382 110.159
56 121.999 128.959
75 140.65 145.604
104 151.188 156.031
110 160.749 164.691
82 145.451 147.385
63 121.956 121.062
61 103.724 104.713
66 98.1266 100.596
71 106.672 107.203
65 92.1527 94.6793
71 95.3713 98.2783
69 102.784 106.645
73 115.329 120.215
68 120.487 124.722
68 118.809 120.461
72 120.231 122.636
79 122.378 124.599
96 125.538 127.961
104 127.714 129.869
108 130.04 131.987
116 132.337 134.507
121 136.277 138.562
121 144.188 145.984
295 153.538 155.527
143 170.841 171.339
126 171.237 171.624
206 180.788 183.728
212.5 188.449 191.24
219 200.445 203.001
187 190.295 192.362
161.333333333333 157.204 158.759
135.666666666667 135.543 136.149
110 122.968 122.742
112 116.807 116.502
114.1 118.855 118.426
116.2 120.904 120.351
118.3 122.953 122.275
120.4 125.001 124.199
122.5 127.05 126.123
124.6 129.099 128.048
126.7 131.148 129.972
128.8 133.196 131.896
130.9 135.245 133.821
133 137.294 135.745
135.1 139.342 137.669
137.2 141.391 139.593
139.3 143.44 141.518
141.4 145.488 143.442
143.5 147.537 145.366
145.6 149.586 147.291
147.7 151.635 149.215
149.8 153.683 151.139
151.9 155.732 153.063
154 157.781 154.988
137 141.943 140.762
142 128.272 126.895
130 113.666 111.361
114 98.286 97.3124
98 85.2126 85.2457
46 74.17 75.4601
50 82.8955 86.6209
83 91.6662 95.6709
134 84.8209 87.7718
75.5 54.749 56.7194
17 21.3369 21.2391
12 16.567 16.564
16.5 18.1735 17.7544
21 18.7303 18.1999
15 18.137 18.0777
13 14.2337 14.1646
7 12.0707 11.8677
11 12.8669 12.5941
10 13.4248 13.2826
7 13.6477 13.2594
10 12.2757 12.0132
11 12.3448 12.0889
12 13.4068 13.2276
13 12.5638 12.6723
11 13.4294 13.4231
13 15.792 15.7113
13 17.2494 17.366
16 17.8224 17.9816
15 14.8598 14.8296
15 14.6964 14.6755
14 14.2482 14.2812
17 12.7544 12.7706
13 11.7365 11.6983
10 11.2618 11.2586
12 12.2119 12.2062
10 11.9272 11.828
12 11.5757 11.4823
11 11.6685 11.6359
18 16.0385 16.0523
14 14.9968 14.9336
11 14.7725 14.709
11 15.6463 15.6451
15 17.3421 17.3873
19 20.0933 20.3183
16 22.9866 23.2004
22 24.214 24.2595
26 26.8141 27.1314
26 29.4021 29.5188
27.5 33.8566 34.3283
29 36.5625 37.2243
33 31.1546 31.3329
35.5 33.3905 33.604
38 35.6263 35.8751
39 38.3863 38.3275
41 40.4645 40.4626
51 46.4887 46.4237
52 49.2993 49.1448
60 55.1762 54.8901
68 58.1033 58.102
69 75.9181 75.8795
71.5 81.4054 81.9856
74 83.7523 84.7487
70 78.7782 80.1248
79 83.341 83.2901
104 99.3034 98.3875
124 114.073 113.874
131 126.6 128.501
121 113.685 115.646
120 113.581 115.752
140 113.075 114.69
135 114.331 115.479
134 114.518 116.089
112 116.366 117.591
80 112.999 114.048
79 120.535 122.196
109 123.188 125.141
116 140.973 143.585
127 147.41 149.717
130 163.691 166.644
134 172.726 176.085
143 188.733 190.283
159 175.606 178.394
161 173.763 177.773
152 165.135 168.4
148 161.89 165.659
139 155.386 159.433
141 143.76 148.106
121 123.348 125.317
114.571428571429 98.8694 99.885
108.142857142857 89.6296 90.729
101.714285714286 93.0477 95.325
95.2857142857143 96.8981 100.624
88.8571428571429 96.1455 99.3219
82.4285714285714 93.6606 96.978
76 90.8857 93.6575
69.5714285714286 84.2244 86.7413
63.1428571428571 78.8961 81.3808
56.7142857142857 65.6339 66.9039
50.2857142857143 57.5561 58.3122
43.8571428571429 52.2782 51.8796
37.4285714285714 53.8126 54.2426
31 49.8613 50.1167
26 57.0806 56.4442
29 53.1422 52.7621
32 51.5346 51.7779
35 60.3629 62.8484
33 55.3087 57.2247
32 47.8959 49.7503
27 44.0464 44.4122
40 41.006 39.8433
128 69.9912 70.8942
98 79.842 81.4232
89 84.7732 85.2899
86 84.1744 83.7674
84 80.5842 80.1376
79.4545454545455 78.5674 78.2359
74.9090909090909 76.5507 76.3342
70.3636363636364 74.534 74.4324
65.8181818181818 72.5172 72.5307
61.2727272727273 70.5005 70.629
56.7272727272727 68.4838 68.7272
52.1818181818182 66.467 66.8255
47.6363636363636 64.4503 64.9238
43.0909090909091 62.4336 63.022
38.5454545454545 60.4168 61.1203
34 58.4001 59.2186
44 47.8513 48.1855
25 30.1777 30.4337
20 28.0365 29.0842
19 37.4789 38.3975
28 35.565 36.0183
36 40.1725 40.8425
44 46.0924 45.8386
43 51.7452 52.701
56 56.0212 56.8449
69 66.6221 65.7345
186 92.4981 93.5929
173 106.145 108.762
124 99.1463 100.416
119 94.2521 94.6519
119 92.6557 92.2142
98 83.4722 82.7906
76 73.3704 72.439
83 80.3947 78.9245
85 73.5213 72.6444
88 81.0747 79.9918
54 67.1964 66.6383
69 64.5743 64.303
66 64.6829 64.443
83 65.5259 65.4758
84 65.8381 66.1257
78 67.6322 68.2804
75 71.4973 72.26
95 71.084 72.363
77 72.8053 73.9533
54 69.5036 70.8241
44 72.3255 73.6102
47 80.1647 80.7858
51 79.3512 79.8425
59 83.5408 84.0856
75 92.4668 93.8951
81.5 91.6534 93.6165
88 85.9308 87.378
67 79.0517 80.0301
60.5 68.93 69.1702
54 58.8082 58.3103
65 51.6759 51.6811
54 55.4896 56.0061
64 61.7421 62.2113
75 74.7146 75.2775
89 88.6219 89.5414
103 97.0632 97.7208
113 93.1929 93.8829
118 92.2787 92.7232
114 84.9943 85.6594
116 87.707 88.5371
111 89.8498 90.8223
109 92.2802 93.612
113 93.9288 95.1375
104 93.9914 95.3953
96 97.0153 98.492
102 110.043 111.628
111 126.558 128.036
120 135.867 137.418
134 141.392 143.047
164 145.65 147.134
149 147.533 148.21
134 142.106 142.155
96 123.581 123.508
100 109.906 109.616
85 96.4546 96.3486
84.5 94.0615 93.7558
84 89.9001 89.6001
80 90.3036 89.7129
74 80.7121 80.0387
61 68.9742 67.9358
51 64.8472 64.068
53 67.6701 66.7048
59 64.466 63.7759
59 67.4185 67.0722
64 71.0024 70.9827
74 75.9445 76.0644
105 79.7334 80.0758
96 84.5293 85.0193
88 89.379 89.7975
83 99.9122 100.424
93 110.92 111.529
98 123.5 123.999
108 136.676 136.37
104 131.36 131.545
115 135.488 135.225
118 131.799 131.428
118 135.546 135.034
115 131.34 130.545
109 104.965 104.599
69 81.7805 81.96
37 43.9566 43.3701
49 44.6874 44.7732
52 51.9953 52.6996
56 50.9115 51.4366
53 44.901 44.8065
39 46.5257 46.551
39 45.0263 44.8742
42 38.3583 37.5414
37 35.5697 34.7566
31 40.1152 39.8029
33 38.9894 38.7328
36 40.0676 39.6981
38 43.6976 43.3992
46 45.3157 45.1462
47 47.7531 47.5878
42 48.1425 47.9443
42.3333333333333 46.9136 46.9021
76 91.3706 94.1629
76 88.7595 88.0619
78 84.5735 81.29
72 80.1416 73.5167
62 77.608 71.3118
63 76.2384 69.813
65 79.308 73.2237
74 81.3344 77.1822
66 83.4447 81.7537
75 85.8043 83.2399
80 90.3916 88.7028
89 99.8996 99.5786
101 110.585 110.511
114 112.943 113.445
121 116.003 117.966
125 120.972 122.13
122 120.335 120.987
119 118.66 118.902
124 123.042 120.868
143 127.489 125.59
148 134.911 133.928
159 139.165 139.956
150 146.761 146.005
162 151.396 151.087
155 147.74 142.693
128 138.408 128.594
101 128.307 116.873
96 116.839 105.488
95 115.855 104.791
102 117.431 108.211
106 121.664 112.427
108 126.621 117.243
111 129.545 120.723
104 120.05 117.197
47 83.8478 77.6001
30 64.5208 52.2633
29 47.9753 41.4365
47 46.6563 42.2329
81 79.4867 74.3475
121 105.066 100.989
86 108.503 107.458
65 85.4398 86.3739
48 55.5994 58.7221
38 43.3596 50.3027
26 29.3067 30.0817
25 26.3609 26.897
21 25.8991 27.5688
29 26.1861 28.8897
21 28.4891 30.2091
22 29.621 31.3873
19 31.0347 33.3034
28 35.6792 38.3211
28 38.0286 41.7272
28 40.1197 46.9976
32 45.4649 58.7277
27 46.9202 59.7722
27 41.2589 46.9041
24 47.0304 57.3614
39 54.3562 67.4451
54 73.4885 86.6203
46 96.8852 113.718
78 114.118 131.441
117 131.404 143.684
138 138.36 150.392
112 142.427 152.218
84 127.13 131.878
70 109.343 107.002
73 91.872 94.2601
81 85.5466 91.6749
69 94.9273 96.1722
75 83.8697 90.133
73 88.5959 95.7977
78 95.2549 104.863
79 103.873 116.061
88 107.511 118.061
78 113.394 117.445
86 110.288 116.246
96 114.011 119.512
108 117.741 123.741
115 120.299 125.623
126 122.714 127.518
123 124.421 129.783
137 128.421 134.076
136 136.473 140.9
143 146.687 151.598
137 163.623 164.79
162 165.064 165.947
161 170.157 170.055
180 173.676 173.603
180 185.765 185.243
198 187.84 184.737
197 181.285 176.726
200 180.503 174.818
187 182.078 176.272
209 186.316 181.306
206 195.121 190.177
215 201.15 197.46
216 200.887 194.535
232 197.873 189.656
214 191.581 182.829
204 183.742 176.396
174 182.083 178.182
173 182.815 181.027
178 180.913 176.707
198 175.961 167.647
157 174.269 166.613
161 174.282 168.351
158 176.886 170.841
168 175.023 168.267
155 172.651 167.048
160 160.687 155.373
154 149.803 146.597
160 145.932 139.595
138 127.294 121.137
120 114.413 109.07
111.5 108.564 103.063
103 102.62 96.8799
94.5 96.8662 91.0497
86 91.0551 85.1136
77.5 85.3767 79.4247
69 82.6387 76.9909
70 83.8404 77.9737
71 85.2318 79.3097
65 87.261 81.9551
80 89.8572 84.4072
75 90.3239 85.2532
95 91.1847 87.3126
86 91.2128 89.4269
107 86.7368 86.248
104 80.6172 78.9166
94 78.2178 75.1164
59 76.3425 75.0189
66 78.6285 78.9261
67 68.9452 68.1154
57 50.5245 47.1549
47 42.6818 38.8926
39 41.8913 38.8096
32 38.1278 36.0258
34 38.62 36.7882
32 38.0786 36.8515
41 38.4396 37.2302
39 39.3616 37.7207
55 43.995 41.2777
57 46.0365 44.291
61 53.1478 50.7744
58 53.3273 52.3604
53 50.9609 49.468
44 49.5823 47.4908
41 45.2993 43.6497
43 44.0672 43.0327
49 44.7633 43.4583
44 46.6183 45.0265
43 48.1716 47.3916
40 48.5335 48.5617
50 48.0745 47.5879
47 51.0677 52.6266
54 48.7775 50.6134
42 45.1788 46.5106
38 37.9817 39.8783
31 32.6234 34.1318
31 30.7255 30.5542
25 28.04 28.07
38 29.599 29.7105
35 33.0688 33.2056
45 34.8355 35.1807
55 35.4628 36.137
52 28.7767 28.615
48 24.8746 24.0966
46 24.3588 23.2151
26 24.0878 21.3881
11 23.2745 20.6752
10 24.0248 20.7316
8 22.8764 19.7377
6 22.8641 19.9581
26 21.3425 22.5143
28 26.3155 27.0057
38 30.8959 31.5371
36 32.7185 33.5201
45 37.34 37.9784
46 38.7995 39.9847
46 38.3077 40.3978
45 38.2714 40.7788
50 36.7048 40.2157
23 23.7176 23.0937
14 18.0195 15.9342
12 17.719 15.656
16 19.1946 16.3198
14 22.382 19.0431
25 22.5643 20.0935
19 20.332 19.0748
4 13.7092 13.0982
3 12.2254 12.1123
19 9.89846 10.1158
12 12.889 12.9943
17 14.9862 14.8157
18 16.2153 16.8774
20 18.8951 18.6735
20 19.44 20.3569
25 22.2529 22.3141
27 27.099 27.0477
47 35.4372 34.9765
62 47.2974 48.1812
75 53.6882 55.5961
73 56.2202 58.651
82 59.1949 62.5488
79 62.2976 65.4073
83 64.8597 68.4702
79 70.4718 75.0393
90 74.4838 79.6914
91 74.894 81.0452
92 76.5678 81.4613
72 80.552 83.8015
97 88.6268 91.6462
105 95.7378 99.0166
130 99.8259 103.841
82 98.2794 97.365
74 92.3313 87.7855
78 94.7603 88.0832
108 94.6925 92.1783
102 96.1885 94.8704
109 103.567 102.228
113.789473684211 107.347 105.771
118.578947368421 111.126 109.315
123.368421052632 114.906 112.859
128.157894736842 118.685 116.402
132.947368421053 122.465 119.946
137.736842105263 126.245 123.489
142.526315789474 130.024 127.033
147.315789473684 133.804 130.576
152.105263157895 137.583 134.12
156.894736842105 141.363 137.664
161.684210526316 145.142 141.207
166.473684210526 148.922 144.751
171.263157894737 152.701 148.294
176.052631578947 156.481 151.838
180.842105263158 160.26 155.381
185.631578947368 164.04 158.925
190.421052631579 167.82 162.469
195.210526315789 171.599 166.012
200 177.37 172.691
206 181.9 181.001
207 185.447 186.195
191 175.437 177.092
176 175.875 179.266
117 159.537 161.211
134 138.092 135.854
164 140.653 142.547
215 158.147 166.765
248 175.46 186.021
264 191.248 201.91
252 194.447 205.254
247 194.389 205.393
248 188.115 201.093
268 188.298 200.886
212 185.806 197.129
183 184.742 194.208
194 184.283 193.602
217 178.603 189.21
180 176.135 186.884
154 172.528 182.963
149 174.845 184.39
207 177.156 186.808
227 184.941 194.107
230 197.632 206.012
172 188.78 195.547
173 154.714 159.843
102 134.709 136.676
31 124.14 123.323
106 120.324 119.238
108.6 122.389 120.894
111.2 124.455 122.549
113.8 126.52 124.205
116.4 128.585 125.861
119 130.65 127.516
121.6 132.716 129.172
124.2 134.781 130.827
126.8 136.846 132.483
129.4 138.911 134.139
132 140.977 135.794
134.6 143.042 137.45
137.2 145.107 139.106
139.8 147.172 140.761
142.4 149.238 142.417
145 151.303 144.072
147.6 153.368 145.728
150.2 155.434 147.384
152.8 157.499 149.039
155.4 159.564 150.695
158 161.629 152.35
156 143.837 139.883
138 128.258 123.658
134 114.713 107.053
46 98.0411 94.7991
69 87.6928 87.7475
51 79.2538 83.4437
63 80.2933 92.5549
100 88.3482 101.532
125 85.6213 95.3059
69 59.6879 66.1301
9 27.9203 27.5532
13 16.1868 16.1616
13 16.5787 15.1923
17 17.8137 16.0624
26 16.7782 16.5942
11 13.9088 13.6884
9 11.7001 11.0359
5 12.2769 11.3819
10 12.4921 12.03
10 14.0194 12.7326
8 12.4533 11.5909
8 12.325 11.4858
12 13.2171 12.6309
7 13.1344 13.4921
10 13.0691 13.0552
10 15.9423 15.6778
17 16.8412 17.2234
15 17.8931 18.4145
17 15.0827 14.9777
21 15.1208 15.0469
19 14.6832 14.7806
11 13.3081 13.356
11 12.1115 11.9745
12 11.4051 11.3888
13 12.2514 12.229
8 12.2306 11.8982
12 11.8141 11.4999
9 11.9343 11.8199
16 15.909 15.9521
16 15.3096 15.0904
11 15.181 14.9652
16 15.9792 15.9699
13 17.5581 17.6967
15 19.249 19.986
18 22.5012 23.1986
21 24.2389 24.3858
17 25.8184 26.8594
23 29.2608 29.6298
24 31.9769 33.5358
30 35.1366 37.3175
28 32.1202 32.699
29 34.8378 35.5278
30 37.5555 38.3566
37 42.8827 42.6442
35 42.9698 42.934
46 47.8017 47.5614
45 51.2306 50.6921
62 57.3841 56.4121
60 60.408 60.3719
76 81.1101 78.1072
97 88.8493 85.9551
104 100.369 97.8441
119 106.558 107.417
102 113.657 114.243
99 106.912 110.9
88 89.5536 94.1043
51 65.6126 68.5159
19 48.8138 50.0479
48 43.199 44.0144
60 46.1671 46.9749
70 46.8303 48.9726
27 30.3996 31.3546
18 21.1578 21.7042
10 19.8405 20.1788
26 18.4642 18.9646
17 23.4672 24.5641
18 25.2724 27.4133
12 27.8052 29.4153
22 31.1464 33.2118
23 39.3187 44.2613
50 39.5302 45.534
46 42.3522 48.3244
44 42.3487 48.6133
38 42.647 48.9293
35 46.2568 53.7118
32 60.961 68.0479
25 51.8237 58.6186
65 51.1911 53.6521
49 42.5959 44.1829
33 42.8084 41.9437
35 39.797 38.8098
31 38.7348 38.2392
39 39.2021 39.6313
39 40.6251 41.1937
40 46.0911 47.0169
43 50.3175 51.5141
74 52.0154 53.1591
38 48.8396 49.044
41 53.886 52.538
43 49.7363 49.7276
51 53.5297 53.0701
48 53.4256 54.0413
57 54.1903 54.878
50 56.8113 58.4342
60 59.8821 62.3612
62 64.3953 65.902
64 66.1688 67.943
58 68.4854 70.4694
69 70.0838 72.2229
68 85.1829 85.7223
85 90.3608 92.1267
78 90.9729 92.1147
75 86.1524 87.5713
51.5 84.2879 85.969
28 90.2153 90.6962
86 86.586 87.9263
21 70.9065 73.4497
12 55.0165 57.4956
6 41.8034 42.7446
7 31.9246 33.467
10 30.8635 31.7186
11 27.5918 27.4412
14 27.5349 28.8855
15 47.0105 46.2693
13 47.3437 46.856
17 46.4727 48.0818
21 54.3174 58.064
67 57.8189 62.6569
58 54.8808 58.3742
62 50.7023 55.0507
43 53.9058 56.8061
43 49.624 54.2988
29 55.2405 60.4398
37 66.5919 72.7168
42 64.0758 65.8892
38.5 60.8917 62.0127
35 54.7171 57.0163
48 52.417 52.8283
33 55.4425 55.372
41 52.8078 51.8292
33 52.9246 52.9586
44 53.2737 52.6256
40 55.251 53.4266
46 57.4897 56.9443
37 58.8905 58.6124
54 61.5598 59.257
61 57.7218 59.1059
62 66.205 67.747
63 73.8636 74.2625
78 72.2888 73.1252
69 60.7012 61.3956
69 49.5849 50.6135
30 25.4124 26.0834
16 14.6986 15.1202
14 12.3959 12.7908
12 11.3957 11.6251
12 12.7229 12.9426
12 12.645 12.7476
26 16.6847 16.9121
31 23.1844 23.4317
42 32.7406 32.5025
48 39.4536 39.9515
57 46.7142 46.9429
52 52.8809 53.1977
59 58.9469 59.3225
66 65.0013 66.4608
70 73.8746 75.9127
70 84.0036 87.6196
97 83.882 85.7091
103 80.1763 79.1393
80 73.3524 71.2413
68 68.7231 67.7969
73 69.7493 67.5467
68 71.0899 68.707
62 67.5377 66.1481
65 69.0824 68.1751
69 70.4729 70.3669
79 71.5503 71.5237
81 72.1008 71.9426
78 77.5137 77.794
80 77.8734 78.2567
82 82.2283 82.9945
91 88.1105 88.7485
99 101.349 102.132
122 115.312 116.714
134 129.262 130.454
149 141.297 142.277
162 146.334 148.587
184 145.871 146.24
169 140.038 140.15
143 131.978 130.565
163 132.073 131.116
137 126.919 124.851
132 119.4 116.184
129 122.457 120.747
128 130.779 129.334
126 137.086 135.053
143 142.156 139.693
146 149.714 147.819
152 154.508 153.735
169 162.773 162.097
175 164.141 164.697
147 151.748 153.479
104 112.184 108.75
95 97.1975 93.5934
93 94.9833 92.1448
95 97.4368 95.4886
114 103.453 102.767
131 117.479 118.051
149 116.632 116.847
129 104.042 102.243
108 100.021 97.427
109 103.591 101.139
109 103.997 101.756
115 106.91 104.935
104 110.964 108.883
119 114.507 112.348
135 115.989 114.119
137 121.018 119.635
155 129.829 127.726
169 136.843 135.591
169 149.445 148.389
167 148.542 148.137
152 137.524 137.492
100 115.228 113.387
71 99.4401 94.9158
79 86.0059 82.9531
62 75.9078 73.753
62 73.0317 71.855
70 72.3054 70.7266
97 85.2254 84.4845
98 87.793 87.9321
82 90.6357 93.4433
26 23.664 24.2888
32 27.8311 28.1999
36 33.9329 34.2782
38 36.0473 36.4821
42 41.7729 42.1228
42 45.9515 46.5949
53 48.4426 49.5689
52 50.3156 51.6698
50 55.1791 57.0652
38 41.0637 40.7638
14 28.1315 27.0461
8 26.1037 25.024
10 27.8955 26.3891
22 32.8062 31.0542
17 28.2732 26.9761
25 26.0083 25.3541
11 17.5126 17.1974
13 13.4005 13.3436
20 11.3701 11.4804
12 14.1134 14.1676
13 13.9375 13.8383
18 18.3623 18.7146
21 19.9249 19.8148
22 21.0542 21.5514
23 23.0596 23.0939
28 29.0774 29.0557
54 39.6093 39.3772
71 52.796 53.2747
78 61.4755 62.5029
76 65.455 66.7545
78 69.3329 71.1238
84 75.3371 77.0054
84 81.5891 83.5216
92 91.1922 93.6369
99 95.7265 98.51
98 97.9689 101.251
106 100.676 103.296
107 103.955 105.711
127 111.999 113.635
137 113.351 115.116
113 102.131 104.259
87 90.3134 89.8312
67 82.4705 80.0677
91 85.4156 81.8768
92 90.9429 89.6091
106 97.1953 96.5054
110 105.088 104.389
114.6 108.539 107.714
119.2 111.99 111.039
123.8 115.44 114.365
128.4 118.891 117.69
133 122.342 121.015
137.6 125.792 124.34
142.2 129.243 127.665
146.8 132.694 130.99
151.4 136.144 134.315
156 139.595 137.641
160.6 143.046 140.966
165.2 146.496 144.291
169.8 149.947 147.616
174.4 153.398 150.941
179 156.848 154.266
183.6 160.299 157.591
188.2 163.75 160.917
192.8 167.2 164.242
197.4 171.927 169.452
202 186.528 186.075
198 192.788 193.21
200 185.553 186.461
178 182.253 184.065
148 167.371 168.264
166 150.698 149.525
198 159.94 160.943
237 180.425 184.983
237 196.191 201.784
248 208.424 214.073
252 212.668 218.387
257 210.363 216.197
253 203.058 209.925
267 202.384 209.066
264 199.086 205.098
270 196.136 201.163
247 193.884 198.823
224 192.648 198.273
214 192.363 198.076
186 185 190.549
180 195.907 201.002
202 198.754 203.546
230 206.246 210.801
229 219.494 223.663
196 209.608 212.986
163.666666666667 168.347 170.919
131.333333333333 144.316 145.311
99 131.724 131.335
130 132.049 131.533
132.45 133.436 132.718
134.9 134.822 133.903
137.35 136.209 135.088
139.8 137.595 136.273
142.25 138.982 137.458
144.7 140.369 138.642
147.15 141.755 139.827
149.6 143.142 141.012
152.05 144.529 142.197
154.5 145.915 143.382
156.95 147.302 144.567
159.4 148.688 145.752
161.85 150.075 146.937
164.3 151.462 148.122
166.75 152.848 149.307
169.2 154.235 150.492
171.65 155.622 151.677
174.1 157.008 152.862
176.55 158.395 154.047
179 159.782 155.232
145 147.681 145.755
141 125.965 123.703
101 107.715 103.941
31 96.3552 94.7673
44 97.773 97.8163
45 102.646 104.741
121 104 110.067
123 112.864 119.387
121 111.518 116.317
103 86.2516 89.4578
17 42.4369 42.2781
5 16.2257 16.2107
14 11.3605 10.671
12 13.3423 12.4771
45 14.4944 14.4059
21 13.5502 13.4467
11 10.2289 9.90444
6 9.91341 9.47392
9 10.2999 10.0734
11 12.966 12.3326
12 11.7668 11.3463
12 11.2667 10.8576
14 12.3637 12.0791
15 15.7672 15.9504
14 13.0069 13.0051
14 16.5961 16.472
13 17.6836 17.8745
15 20.0722 20.3349
53 16.1611 16.1129
19 16.6847 16.6529
18 16.5891 16.6397
18 15.2883 15.3164
13 13.2788 13.2122
14 12.295 12.289
8 12.959 12.9507
12 12.8619 12.7009
12 12.324 12.1705
14 12.9103 12.8563
13 16.5969 16.6218
15 16.3567 16.25
12 16.4286 16.3258
16 17.5294 17.5295
17 19.2482 19.3191
15 20.0279 20.3925
19 24.1274 24.4736
21 25.9147 25.9938
24 27.2552 27.7709
23 31.3108 31.4951
26 32.9537 33.7267
26 38.4875 39.5694
35 37.0609 37.3584
36.5 41.1561 41.5096
38 45.2513 45.6607
34 54.1242 54.0233
34 50.4736 50.4694
45 52.671 52.5625
49 56.9754 56.7224
54 63.1687 62.7046
65 68.4481 68.4469
69 69.9328 70.2253
73 70.7518 71.4816
83 74.0764 75.3105
85 76.2338 77.7852
88 78.1166 79.638
88 78.8486 81.0903
77 82.748 85.0291
82 85.1908 87.7321
83 91.9609 92.361
85 82.7183 83.2901
83 75.6482 75.7931
73 62.1889 62.5766
63 59.0397 60.5756
50 48.8407 51.7718
44 53.0137 55.362
36 50.8947 52.351
32 48.5927 49.5582
43 47.5793 48.4107
39 49.9862 50.4231
40 47.1597 47.5536
36 52.4384 52.3929
44 57.9523 57.7433
58 61.3408 60.4761
61 66.0004 65.2081
86 69.7772 69.5473
108 77.789 77.8172
70 79.8583 80.5367
78 85.6045 86.9774
82 91.158 92.6263
86 94.1978 96.1493
85 98.4422 100.521
98 101.704 104.626
157 114.35 117.598
191 127.295 130.322
132 134.171 137.345
129 138.102 141.746
137 140.998 144.057
128 138.842 140.686
133 142.031 143.43
131 142.262 142.855
136 148.537 148.056
151 152.363 149.869
207 149.198 142.454
471 258.176 267.544
150 185.051 190.32
86 99.989 102.913
84 97.3039 98.8798
136 98.5421 101.301
177 107.053 107.883
230 109.3 110.23
90 81.7469 83.3989
45 43.382 44.9981
35 31.7915 34.0574
31 23.8784 25.3001
75 21.3371 24.2006
16 16.4911 18.0887
15 13.396 13.8162
15 16.321 16.6862
24 16.453 16.605
17 12.0905 12.666
24 12.9327 13.6475
6 12.545 13.9938
21 16.631 18.3984
19 21.1106 24.3049
8 23.2232 25.3751
24 23.7072 25.1853
28 28.0013 29.4017
35 37.9915 38.9753
45 56.0829 56.3553
47.4615384615385 57.2458 57.5617
49.9230769230769 58.4087 58.7682
52.3846153846154 59.5717 59.9746
54.8461538461538 60.7346 61.1811
57.3076923076923 61.8975 62.3875
59.7692307692308 63.0604 63.594
62.2307692307692 64.2234 64.8004
64.6923076923077 65.3863 66.0069
67.1538461538462 66.5492 67.2133
69.6153846153846 67.7121 68.4198
72.0769230769231 68.8751 69.6262
74.5384615384615 70.038 70.8327
77 71.2009 72.0391
78 80.2415 81.2261
145 84.0761 85.0278
98 90.7355 92.2551
84 93.2184 94.5843
87 91.8373 92.8548
75 87.7879 86.3459
87 100.51 99.1267
98 115.834 114.639
106 123.078 123.517
109 129.512 129.823
100 115.373 117.319
75 93.434 95.6438
49 65.1812 66.5901
35 44.776 45.365
32 39.5838 39.9678
72 47.1728 47.5702
86 54.1754 55.233
49 45.6554 46.1333
14 26.206 26.4738
20 20.7242 20.8888
19 20.7436 20.9877
11 23.0715 23.6003
19 28.3357 29.3743
27 36.9457 37.7406
24 44.6257 45.6429
66 50.7331 53.141
66 52.615 55.5401
74 55.9526 58.8681
103 58.2185 61.2665
78 60.6535 63.7121
80 66.4463 70.0788
69 77.5919 81.0461
50 67.8858 71.1988
36 57.5653 58.7628
37.5 48.3182 49.0897
39 41.0209 40.5909
41 35.7659 35.2745
40 35.036 34.7894
41 36.403 36.6066
41 38.5101 38.7823
44 43.2587 43.7149
63 47.6523 48.2358
49 47.1943 47.7487
52 44.6922 44.7919
45 46.4167 45.7517
41 48.9301 48.9297
50 52.6329 52.4165
54 57.4578 57.7694
55 56.4826 56.8272
56 61.0219 61.8186
70 66.0284 67.2378
74 70.6135 71.3497
87 73.0787 73.9416
97 79.4646 80.4412
83 83.6397 84.6981
115 94.9543 95.2322
103 105.315 106.203
92 100.271 100.844
83.5 96.5298 97.2339
75 95.2001 96.0318
101 93.6744 93.9127
93 92.9957 93.6585
94 83.0833 84.3198
68 65.7562 66.9622
15 50.8183 51.2786
32 35.027 35.7747
3 30.4232 30.8311
31 26.7507 26.677
28 28.0632 28.7037
21 81.6912 81.3483
20 73.1666 72.9452
25 58.3637 59.1599
68 67.8445 69.6699
82 67.5653 69.9157
70 65.2353 66.9386
65 65.9186 68.0384
68 65.9204 67.3449
84 65.3295 67.6087
155 74.5583 77.1012
94 95.986 98.9868
81 78.7275 79.6207
102 70.9474 71.4997
123 63.6535 64.7777
65 57.6172 57.8262
49 57.3614 57.3345
48 51.6929 51.2242
45 50.8259 50.8449
60 50.7602 50.4449
64 52.2617 51.3706
50 55.0256 54.759
52 57.2652 57.126
63 56.431 55.3043
54 49.5173 48.5264
62 53.5323 52.4316
62 58.4286 58.1577
50 58.5711 57.982
40 50.9892 50.4968
36 39.4736 38.7421
20 24.1209 23.636
19 18.7539 18.4438
20 13.627 13.3389
20 14.9426 14.7707
16 12.5355 12.3758
11 13.3401 13.2631
18 15.7174 15.5528
19 21.4736 21.2954
29 27.9724 28.1485
31 34.1949 33.8382
39 41.4089 41.2478
41 41.4455 41.2294
50 44.3463 44.093
45 49.5102 48.4721
39 58.9316 57.4781
72 75.7417 73.1365
95 82.461 81.1377
76 79.1472 79.8918
72 75.2493 76.7658
67 72.8247 73.4835
63 75.2489 76.8281
82 74.2834 75.9955
61 70.2377 71.2328
62 71.1851 71.8321
68 68.7934 68.8668
69 70.2836 70.2986
70 68.3845 68.4986
65 69.4587 69.2618
60 68.4907 68.2203
67 74.6929 74.1427
74 81.0393 80.5814
89 91.3915 90.833
98 105.674 104.664
106 117.617 116.764
116 129.877 129.174
134 143.857 142.219
147 140.544 140.273
150 137.864 137.776
148 130.328 131.34
125 133.17 133.851
118 124.985 126.472
112 117.712 120.024
118 123.744 124.966
124 132.008 133.04
128 133.018 134.481
129 137.552 139.329
130 146.834 148.196
127 149.128 149.683
150 156.229 156.715
162 162.201 161.792
148 163.658 162.382
100 128.488 130.937
84 113.887 116.458
84 105.834 107.861
86 101.753 103.146
90 108.689 109.167
107 122.897 122.465
123 126.936 126.753
131 117.827 119.096
120 110.583 112.433
103 110.772 112.524
101 108.278 109.883
104 111.223 112.635
108 113.279 114.769
115 114.939 116.49
116 118.947 120.283
122 123.69 124.676
128 131.787 133.295
137 140.431 141.319
140 149.539 150.29
141 156.148 156.418
143 156.515 156.499
141 140.589 141.873
87 118.925 122.157
80 109.379 111.542
68 97.6286 99.1453
67 84.0894 84.9146
58 72.2553 73.3896
66 77.8673 78.406
94 86.3912 86.2877
89 107.765 105.707
66 97.6473 97.3419
66 91.7303 91.8098
67 84.7013 85.066
66 76.0311 76.7637
60 73.8864 74.5832
63 72.2327 72.9426
58 75.3294 76.0027
60 78.6041 79.0655
64 82.8594 83.05
66 83.4525 83.7405
85 88.2361 88.4315
95 99.9902 100.038
92 110.61 110.634
91 113.457 113.418
96 117.849 117.649
100 122.459 122.348
111 122.033 121.974
111 121.673 121.652
112 122.724 122.968
127 127.36 127.578
134 134.829 134.953
143 142.037 141.971
149 148.472 148.574
149 155.705 155.761
139 149.968 150.531
116 137.502 138.58
106 126.407 127.662
96 113.09 114.335
93 110.671 111.887
94 112.669 113.689
96 116.083 117.111
99 120.706 121.748
102 123.716 124.698
118 118.953 119.296
39 71.4776 72.1623
22 43.8308 45.1767
24 38.418 39.1372
30 44.2409 44.7219
71 80.9613 81.5197
82.5 104.72 105.173
94 108.85 108.983
64 86.6048 86.5193
47 56.7405 56.4194
37.5 49.9712 49.2566
28 29.3001 29.2257
27 27.4182 27.3686
24 27.7911 27.619
25 28.884 28.6037
25 29.7138 29.5362
25 30.4363 30.2539
26 31.5131 31.2813
37 36.6737 36.4182
36 41.4934 41.1183
42 46.3035 45.5823
32 58.9172 57.5319
36 58.5662 57.2283
29 43.7979 43.2057
30 55.1376 54.0576
34 64.9201 63.5668
45 84.6675 83.3208
46 111.441 109.691
63 129.933 128.118
96 145.096 143.834
129 154.758 153.511
138 161.907 160.896
109 143.695 143.234
67 117.117 117.422
65 102.074 101.862
68 98.6808 98.0516
71 104.317 104.226
65 93.5962 92.9545
69 97.6149 96.8773
69 106.286 105.283
76 119.592 118.306
79 123.438 122.333
71 119.142 118.748
75 120.922 120.315
81 123.045 122.485
110 126.577 125.964
124 128.387 127.849
122 130.39 129.908
122 132.9 132.359
127 136.989 136.415
128 144.101 143.66
132 153.803 153.31
141 168.595 168.51
145 168.996 168.944
154 173.908 173.974
165 177.416 177.468
172 191.737 191.933
178 191.479 192.559
176 183.193 184.774
171 179.514 181.487
169 181.483 183.496
176 185.863 187.602
185 193.039 194.755
197 199.87 201.15
219 196.2 198.397
198 190.465 193.307
164 183.817 186.846
158 176.844 179.388
159 180.611 181.965
173 186.167 186.79
167 181.155 182.609
156 170.721 173.593
151 171.802 174.446
150 175.705 177.751
157 178.314 180.396
156 174.431 176.761
165 172.447 174.381
146 159.135 160.971
138 151.325 152.433
152 146.449 148.635
158 128.304 130.425
131 115.442 117.279
117.2 108.833 110.726
103.4 102.008 103.984
89.6 95.6161 97.619
75.8 89.0942 91.1409
62 82.8757 84.9264
62 80.794 82.7378
63 81.007 83.0278
64 81.6534 83.6943
70 84.899 86.7271
71 87.2785 89.156
74 87.6286 89.3758
86 89.4677 90.8019
92 90.9905 91.607
96 87.4595 87.6292
92 78.0389 78.6259
52 71.5825 72.6512
48 70.7382 71.2
57 76.5953 76.4997
65 68.126 68.413
19 45.8688 47.0346
19 39.6877 40.9929
28 39.9874 41.0526
28 37.4871 38.2083
33 38.0033 38.635
38 38.2277 38.649
30 37.41 37.8259
29 37.642 38.2073
23 40.5726 41.5075
38 42.8374 43.4388
56 49.3406 50.1584
54 51.2136 51.5479
56 48.4634 48.9787
41 46.2857 47.0115
40 43.6252 44.1976
37 43.6571 44.0138
40 43.9085 44.3593
41 45.3274 45.8782
40 47.6851 47.9576
32 48.6291 48.622
33 47.3706 47.5408
43 53.862 53.3257
46 51.2284 50.5967
43 46.6535 46.1944
44 38.7838 38.1367
32 33.4702 32.9527
30 29.2598 29.3234
30 26.9271 26.9174
34 29.0282 28.989
37 32.7253 32.6807
33 35.363 35.2474
26 35.5589 35.3301
16 26.477 26.5361
6 20.0788 20.3486
9 18.5631 18.9632
16 15.5443 16.4838
13 14.9941 15.8994
7 13.9361 15.083
5 12.4454 13.54
13 12.4903 13.5054
16 13.1166 13.7796
12 14.3429 15.0075
11 12.3595 13.1811
4 14.2483 14.6698
15 15.5744 16.2228
25 16.6621 17.3238
17 18.2006 18.7013
20.4 17.7834 18.2337
23.8 20.9697 21.2031
27.2 24.156 24.1725
30.6 27.3423 27.1419
34 30.5287 30.1113
48 33.3564 32.9068
36 37.0878 37.1542
42 44.3334 44.5189
55 54.0321 53.8033
78 66.2613 65.5177
74 67.6495 67.5291
49 62.7818 63.2798
47 51.1795 52.4585
36 46.2834 47.713
38 43.845 44.7482
34 40.6223 41.1865
31 42.1687 42.3767
31 42.6843 43.1691
30 43.3559 43.9971
34 43.8566 44.3466
38 46.4423 46.8836
42 46.6759 47.2376
40 52.0753 52.5717
49 57.7565 58.0379
66 67.0026 66.4199
73 72.427 71.583
68 72.1691 71.6615
71 72.6873 72.5526
70 74.0006 73.9704
70 74.4973 74.3144
72 74.5968 74.6286
68 75.2411 75.4084
74 77.8224 77.8916
73 83.6342 83.641
79 94.2081 94.5205
84 100.878 101.14
93 106.665 107.179
109 109.209 109.722
116 114.829 114.795
120 118.956 118.551
118.5 123.901 123.336
117 125.155 124.347
120 124.778 123.951
117 124.585 123.479
114 118.486 116.605
48 82.9086 80.896
22 39.7985 39.7431
27 19.9223 20.8431
18 21.543 22.1727
40 27.4388 27.4724
28 29.2185 29.3588
29 24.1822 24.3917
28 22.8805 23.2376
20 22.9601 23.0873
21 21.8824 21.8694
16 19.4992 19.53
19 18.6852 18.7557
18 17.897 18.0133
20 19.7254 19.7867
24 21.487 21.5942
22 24.0888 24.0362
20 22.6178 22.6159
16 21.401 21.401
18 18.7255 18.7873
16 18.2845 18.3647
18 16.8786 16.9775
19 18.5464 18.5838
18 16.0097 16.0494
13 15.3066 15.2451
16 14.7292 14.7592
17 17.3108 17.3132
13 17.2145 17.1734
10 16.4775 16.5033
18 17.151 17.1195
18 16.9779 17.1037
20 15.8044 16.0626
18 18.3688 18.48
17 18.2967 18.2875
19 18.8446 18.819
18 22.0599 22.0114
67 59.3338 59.2015
70 60.4392 60.0858
73 61.9976 61.3922
71 62.0493 61.2859
56 64.4888 63.7408
68 63.4819 62.3736
71.5 64.8795 63.7529
75 67.5749 66.3177
84 64.3721 64.1975
73 64.6351 64.367
56 58.7081 58.6544
70 49.9414 49.7598
66 48.7698 48.0094
55 47.9666 46.5001
62 46.3255 45.155
50 43.4983 42.7766
43 45.1805 44.7029
37 46.0575 45.6456
41 50.7199 50.5047
35 50.8948 50.7004
38.6666666666667 53.3381 53.3659
42.3333333333333 57.0966 57.2083
46 58.4499 58.893
49 59.7741 60.1843
52 61.4786 61.606
57 70.0419 70.0406
50 67.1411 66.8166
76 71.9801 71.3099
83 73.5672 72.8499
82 76.076 75.1157
87 78.0876 77.0641
96 81.1073 79.6632
116 94.5263 92.9202
128 106.135 104.641
125 116.471 114.903
138 127.118 125.308
146 130.444 128.929
135 135.525 134.617
154 145.203 144.513
158 143.582 143.3
149 144.346 144.608
134 146.579 147.851
134 196.16 199.538
364 237.521 232.85
160 129.098 126.502
102 100.185 98.7278
100 93.1023 92.324
103 101.787 100.413
118 97.4087 97.0118
105 92.4374 91.9936
70 64.8932 64.0843
39 38.4713 37.669
18 32.7954 31.6608
15 24.6554 23.9469
15 35.9903 34.5653
11 24.9611 24.1662
3 13.3567 13.1501
16 12.1736 11.9958
16 13.3816 13.3104
3 11.6243 11.3395
26 13.2533 12.8978
14 14.542 13.8178
11 18.0689 17.19
17 25.8995 24.2959
5 23.1875 22.1092
31 22.2941 21.5522
14 24.632 23.9311
23.5 29.5915 29.1053
33 34.3167 34.1983
36.9545454545455 36.4554 36.3147
40.9090909090909 38.594 38.4311
44.8636363636364 40.7327 40.5474
48.8181818181818 42.8714 42.6638
52.7727272727273 45.0101 44.7802
56.7272727272727 47.1488 46.8966
60.6818181818182 49.2875 49.013
64.6363636363636 51.4262 51.1293
68.5909090909091 53.5649 53.2457
72.5454545454545 55.7035 55.3621
76.5 57.8422 57.4785
80.4545454545455 59.9809 59.5949
84.4090909090909 62.1196 61.7112
88.3636363636364 66.3093 65.8302
92.3181818181818 70.3786 69.9165
96.2727272727273 76.2777 75.5317
100.227272727273 76.8788 76.217
104.181818181818 78.476 77.9851
171 177.274 177.492
176 180.838 181.004
182 195.922 196.789
185 192.884 197.887
161 182.77 190.109
158 177.062 186.22
160 179.13 188.479
180 184.177 192.248
189 190.809 198.773
185 198.929 204.872
180 191.94 202.16
170 183.708 196.928
154 176.464 190.547
157 170.763 182.585
176 179.23 185.516
179 188.323 191.208
165 180.272 187.038
151 164.575 177.942
149 167.272 179.58
159 174.036 183.565
162 176.596 186.303
161 171.337 182.192
161 170.303 179.309
148 156.492 165.038
144 151.347 156.504
155 143.801 153.983
132 125.787 135.675
110 113.367 121.941
99.8 106.262 115.091
89.6 98.8297 108.046
79.4 92.0517 101.391
69.2 85.0775 94.619
59 78.5611 88.1201
59 76.9417 86.0084
62.5 76.5952 86.0167
66 76.9028 86.415
68 81.1189 89.6405
70 83.3336 92.0864
74 83.9066 92.0511
81 87.0128 93.2323
87 90.6365 93.5078
89 88.3692 89.1578
66 76.6329 79.3682
64 67.4489 72.4337
65 68.2705 70.4098
68 76.804 76.3403
62 67.9498 69.2853
31 42.0799 47.5006
31 36.2209 42.3061
26 37.4703 42.4251
28 36.1538 39.5248
34.5 36.8751 39.8181
41 37.8435 39.8119
36 36.5438 38.4855
42 36.1902 38.8263
40 37.694 42.0569
43 40.7594 43.5644
38 46.6411 50.4549
49 50.2221 51.7788
46 46.9137 49.3144
42 43.9607 47.3297
40 42.2504 44.9075
45 43.2372 44.8998
42 43.1178 45.2161
43 44.1702 46.7313
40 47.4564 48.7161
41 49.2198 49.1797
51 47.2557 48.0425
55 56.6992 54.1977
51 54.0902 51.1445
49 48.7085 46.5708
43 40.8729 37.8385
34 35.2466 32.8289
25 28.8548 29.1386
27 26.7842 26.7385
32 29.1892 29.0101
34 33.0377 32.8231
36 36.2092 35.6611
25 36.4614 35.3855
17 25.7053 25.972
17 17.7755 19.0301
13 15.5732 17.4222
12 10.2934 14.6474
11 9.91629 14.1095
10 7.61286 12.9251
13 6.07333 11.1393
19 6.30603 10.9995
19 7.68468 11.2604
23 9.08317 12.6589
18 6.41472 10.8777
23 10.4039 12.6673
23 10.6694 14.1733
27 11.7028 15.2698
24 14.8521 17.5537
26.8 15.171 17.6281
29.6 19.5674 20.8394
32.4 23.9637 24.0507
35.2 28.3601 27.262
38 32.7565 30.4733
45 36.0296 33.5704
45 37.3225 37.6705
45 43.6282 44.6178
60 55.0908 53.8109
76 70.6118 66.5204
71 70.2807 69.6328
54 63.2411 65.9787
40 47.7091 54.741
31 41.541 49.3738
34 40.89 45.829
34 38.6253 41.7039
36 41.8845 43.0064
38 41.2003 43.8325
35 41.3009 44.813
37 42.2722 44.9526
35 45.051 47.4497
36 44.5931 47.6689
45 50.414 53.1343
56 57.0408 58.5541
72 69.9004 66.6592
78 76.5851 71.9073
77 74.7106 71.8741
74 73.9931 73.224
70 75.0448 74.853
74 76.5445 75.5286
69 75.3809 75.5292
71 75.3697 76.2535
83 78.421 78.7669
85 84.4671 84.4737
90 93.8742 95.5534
91 100.075 101.477
104 105.058 107.825
105 107.415 110.179
115 115.552 115.315
126 121.162 118.884
124 126.827 123.689
116 128.848 124.366
117 127.461 122.865
127 128.178 121.998
143 124.378 113.98
118 87.57 76.3607
30 36.1842 35.7845
20 13.0319 18.0218
25 18.0487 21.4811
27 27.7974 27.976
23 29.1822 29.9543
19 23.3047 24.4564
25 21.4537 23.4122
23 22.7644 23.4592
25 22.3329 22.2727
18 19.3766 19.5311
20 18.5923 18.9909
14 17.6157 18.2586
18 19.9116 20.2544
22 21.4884 22.0811
21 24.8789 24.5921
24 22.957 22.9437
16 21.6251 21.6236
18 18.6111 18.9566
17 18.2225 18.6554
21 16.6606 17.1929
18 18.7895 18.9878
17 15.957 16.1736
17 15.7049 15.3711
13 14.7772 14.929
14 17.5352 17.5515
19 17.6182 17.3952
18 16.5478 16.6947
22 17.5912 17.4097
12 16.8301 17.5141
16 14.8646 16.2759
19 18.1742 18.7672
20 18.564 18.503
20 18.9904 18.8517
21 22.6903 22.4283
30 24.0779 22.149
33 28.2211 27.0862
34 31.9366 30.8837
33 34.1193 32.7987
40 37.7735 36.7233
41 39.3622 37.4164
43 39.8525 36.4196
47 39.9799 35.8564
39 37.7302 31.9708
12 12.8669 13.922
8 6.75238 10.2055
12 7.46985 10.8875
10 6.42294 11.1803
12 7.37315 12.9008
12 12.7417 16.8266
10.5 14.0333 16.1146
9 10.1724 11.1835
7.5 11.5738 11.7623
6 9.98489 9.63682
14 12.8662 12.7006
14 15.4762 15.7659
12 17.4079 16.3221
18 18.1903 18.554
23 21.772 20.2541
26 22.5946 22.4954
25 26.5919 26.6775
36 32.7356 33.4967
50 48.1305 46.6803
61 56.4322 53.2928
64 59.7593 55.7676
70 65.0249 59.511
71 65.8799 60.7703
74 67.923 62.0008
77 74.2751 66.7826
77 79.9856 71.44
73 82.1552 72.0613
84 79.6007 71.5848
95 79.2657 73.9476
95 86.9056 81.9641
104 98.1826 92.8063
100 113.073 106.467
102 102.738 104.226
87 87.0134 94.485
72 82.9565 93.952
85.5 92.0002 96.1411
99 94.4 96.5739
107 101.632 103.842
110.388888888889 105.005 107.604
113.777777777778 108.379 111.366
117.166666666667 111.752 115.129
120.555555555556 115.125 118.891
123.944444444444 118.498 122.653
127.333333333333 121.871 126.416
130.722222222222 125.245 130.178
134.111111111111 128.618 133.94
137.5 131.991 137.703
140.888888888889 135.364 141.465
144.277777777778 138.737 145.227
147.666666666667 142.111 148.99
151.055555555556 145.484 152.752
154.444444444444 148.857 156.514
157.833333333333 152.23 160.277
161.222222222222 155.603 164.039
164.611111111111 158.977 167.801
168 162.35 171.564
165 171.531 179.242
173 181.681 183.167
184.5 188.654 187.426
196 179.484 176.765
184 187.113 181.535
164 164.467 161.733
116 128.275 132.005
117 139.316 136.259
177 175.379 161.243
231 199.752 182.392
240 218.258 200.716
237 221.383 203.614
234 223.145 205.049
242 223.07 201.725
212 222.606 201.875
201 216.784 198.131
234 211.288 195.692
229 211.376 196.032
216 206.845 189.387
206 203.515 185.815
198 200.981 183.788
218 195.961 180.245
219 196.793 182.659
222.5 203.606 190.184
226 214.147 201.885
205 201.145 191.25
174 165.614 158.094
143 138.507 135.645
112 121.025 122.27
122 114.052 115.696
122.7 115.413 117.658
123.4 116.775 119.621
124.1 118.136 121.583
124.8 119.498 123.546
125.5 120.859 125.508
126.2 122.221 127.471
126.9 123.582 129.433
127.6 124.944 131.395
128.3 126.305 133.358
129 127.667 135.32
129.7 129.028 137.283
130.4 130.39 139.245
131.1 131.751 141.207
131.8 133.113 143.17
132.5 134.474 145.132
133.2 135.835 147.095
133.9 137.197 149.057
134.6 138.558 151.02
135.3 139.92 152.982
136 141.281 154.944
128 134.631 140.474
127 120.247 127.036
104 100.445 111.726
99 92.6455 97.4258
94 84.6208 84.5741
87 80.0308 73.9199
122 103.361 85.3825
133 113.749 94.4166
133 100.454 86.2675
80 64.4254 55.0028
27 19.5752 20.139
13 16.5323 16.5791
12.5 16.0813 18.1199
12 15.9211 18.4944
17 18.0011 18.2654
13 13.879 14.1992
11 10.9949 11.9676
7 11.4421 12.7542
9 12.7719 13.4471
14 11.4127 13.305
8 10.7807 12.0456
12 10.9207 12.1506
12.5 12.4261 13.2848
13 13.0237 12.4991
15 13.4246 13.4422
14 15.2801 15.6686
14 17.8953 17.3361
18 18.6175 17.8554
11 14.6019 14.7598
14 14.4574 14.5696
14 14.2912 14.1555
15 12.7022 12.6355
12 11.4094 11.6171
9 11.1748 11.2027
12 12.1291 12.165
11 11.2886 11.7802
11 10.9793 11.4442
13 11.3973 11.57
12 16.0804 16.0194
11 14.5336 14.8621
14 14.301 14.6218
14 15.5265 15.5438
17 17.4798 17.2832
20 21.3882 20.3104
17 24.148 23.1295
21 24.3767 24.1644
20 28.6162 27.0927
28 29.9416 29.41
29.5 36.6407 34.3528
31 40.2929 37.0947
28 31.8555 31.0129
31.5 34.1886 33.1856
35 36.5216 35.3583
40 37.1265 37.5023
38 39.8625 39.9334
40 45.7258 46.0947
47 47.9318 48.7403
51 53.0273 54.4722
56 57.4786 57.5516
129.52380952381 70.1113 75.6842
127.142857142857 75.6334 81.0103
124.761904761905 86.5227 91.2155
122.380952380952 103.016 101.437
120 109.817 108.74
116 117.775 110.39
94 104.269 95.8398
62 76.8513 71.4704
36 56.3098 54.0244
26 48.979 47.4717
37.5 49.4315 47.9374
49 50.823 46.8457
15 25.7708 24.0151
27.5 20.6588 19.6544
40 20.9641 20.3401
22 19.2884 18.3637
12 27.807 25.7751
12 31.0399 27.0793
20 28.5811 25.6043
20 31.0391 27.2264
34 49.7065 40.5511
52 52.3577 41.2336
60 54.869 43.8024
56 54.5274 42.9285
63 53.6966 42.0713
61 59.9081 46.1061
61 75.8337 62.7065
63 65.8396 53.2497
91 56.8482 52.2922
36 45.6089 42.6755
29 42.2364 43.8489
32.5 39.9991 41.84
36 40.2858 41.2062
40 43.1962 42.4008
44 44.7177 43.6658
115.5 51.8753 50.1436
187 56.98 54.7514
52 59.7552 57.6249
43 53.1409 52.7538
42 55.2519 57.7504
42 51.5289 51.5389
44 54.0482 54.8934
50 54.6037 53.4595
50 56.5869 55.3065
57 61.1746 58.1641
64 65.9633 61.3708
66 67.4778 64.6922
61 69.7621 66.4836
74 70.5469 66.8744
74 71.2455 67.2866
91 83.7944 82.8033
99 90.1078 86.8498
88 91.9088 89.8047
84 87.2419 84.6185
81 85.8539 82.7499
80 92.2896 91.4071
64 89.6494 87.1647
48 74.1277 69.438
32 58.4021 53.8239
16 40.9122 39.1844
20 35.9594 33.1073
16 34.6619 33.0841
13 28.3411 28.6206
18 32.2724 29.7814
16 26.6349 28.0733
20 32.7172 33.6656
20 46.2297 43.2566
53 60.1464 53.2206
86 69.3099 60.3526
85 61.6922 55.2273
79 57.3987 49.3574
67 57.8914 52.5203
81 57.0518 48.4059
78 62.4799 52.8559
63 71.4682 60.1378
51 63.4255 60.0813
109 60.5176 58.4539
48 58.5306 54.2778
35 52.267 51.5083
38 55.6762 55.8068
101 51.7826 53.5913
95.8 55.6571 55.5892
90.6 54.083 55.2843
85.4 52.6483 56.038
80.2 58.7107 59.7244
75 60.5299 61.0505
85 58.8046 63.0817
60 57.548 52.7607
62 63.1417 57.8026
60 65.3718 63.9343
44 66.4526 63.5541
31 57.293 54.8804
28 46.3782 42.8244
23 27.4802 25.1441
18 20.0698 18.5483
21 15.1778 13.7947
20 15.5892 14.7553
16.6666666666667 13.8027 13.019
13.3333333333333 14.1012 13.7223
10 17.2996 16.4936
48 23.5203 22.64
59 29.4461 30.2394
66 38.2741 36.5319
61 45.0077 44.1713
63 46.5596 45.4376
69 50.4114 49.0913
65 59.2898 54.2222
74 70.8049 63.7031
100 91.7491 79.2187
94 91.9039 85.5298
70 79.6867 83.14
118 71.7435 78.9031
84 72.3809 75.4478
60 70.7535 78.1983
72 69.6649 77.7385
58 68.5376 73.2246
68 71.1063 74.1419
67 71.8225 72.107
81 73.5458 73.5435
79 71.6697 72.1215
64 74.9907 73.9597
68 74.5673 73.182
71 81.8402 79.1139
74 87.9768 85.6865
86 99.8135 97.0163
107 116.543 111.591
115 128.758 124.542
122 140.88 137.36
141 157.533 149.58
143 148.946 147.47
152 144.754 144.13
132 132.12 136.775
125 135.957 138.991
127 124.601 131.526
122 113.414 124.349
128 123.721 129.423
126 133.197 137.947
128 133.518 140.326
131 137.091 145.337
131 148.159 154.43
139 154.452 156.888
152 162.421 164.492
165 171.465 169.277
155 173.754 167.474
112 120.44 131.967
88 104.616 116.733
91 99.72 109.234
90 99.4596 105.97
95 110.359 112.505
125 128.978 126.776
133 131.086 130.122
134 114.739 120.715
109 105.433 114.146
104 106.749 114.983
103 105.367 112.897
106 109.24 115.854
115 111.473 118.45
115 113.345 120.603
129 117.899 124.143
121 124.375 128.953
131 130.812 137.83
140 142.072 146.164
147 152.882 156.301
150 160.245 161.383
154 159.443 159.269
149 136.031 142.078
97 106.454 121.777
85 100.208 110.434
79 91.0033 98.1648
83 81.9762 85.855
66 70.6754 75.9694
75 80.5567 82.9906
133 90.9071 90.2994
94 117.578 107.696
67 64.8969 63.9814
66 67.2037 64.9796
73 70.5954 66.8585
80 71.9624 67.2765
79 74.3131 69.7126
86 75.6204 68.8649
84 77.6987 70.8274
82 81.1872 73.5297
67 73.9243 72.7021
52 72.7269 70.9855
57 65.1304 64.6639
63 55.6863 54.505
61 57.2522 52.6288
44 58.4006 49.5606
27 56.2387 49.1694
60 50.9565 46.5601
74 50.5392 47.6015
63 50.6931 48.156
48 54.0023 52.6388
53 53.4589 52.2148
44 55.3597 55.4393
52 59.1858 59.7542
42 59.1927 61.7254
60 61.4636 63.7767
69 65.2144 65.8568
68 74.7491 74.6168
97 74.5536 72.4733
98 81.7351 77.557
86 84.4496 80.0045
94 88.5125 82.6244
89 91.4128 85.1523
97 96.9806 88.1707
104 111.735 101.934
125 123.506 114.36
133 134.002 124.394
142 145.045 134.013
152 146.805 137.519
155 147.271 141.594
163 154.793 150.446
163 151.253 149.312
161 150.187 151.473
157 147.231 154.561
144 176.432 196.339
301 278.142 249.875
121 160.809 144.966
107 112.662 103.79
115 102.428 97.5991
88 113.272 104.871
84 105.961 103.371
83 102.514 99.648
51 75.7724 70.771
37 45.6639 40.7749
44 40.3938 33.5002
24 29.5684 25.244
15 42.6665 33.9137
21 28.8365 23.9501
21 15.1364 13.8466
14 14.5735 13.4677
22 15.0247 14.5523
10 13.8479 12.0942
10 15.7721 13.6007
14 18.8243 14.4423
7 23.5389 18.1697
7 34.9495 25.3325
62 30.1937 23.72
53 27.647 23.2144
44 30.27 26.0712
45 35.3207 32.3671
55 40.9976 40.1946
57.6153846153846 43.1523 42.2147
60.2307692307692 45.3071 44.2347
62.8461538461538 47.4618 46.2548
65.4615384615385 49.6165 48.2749
68.0769230769231 51.7713 50.2949
70.6923076923077 53.926 52.315
73.3076923076923 56.0807 54.3351
75.9230769230769 58.2354 56.3551
78.5384615384615 60.3902 58.3752
81.1538461538462 62.5449 60.3953
83.7692307692308 64.6996 62.4154
86.3846153846154 66.8544 64.4354
89 69.0091 66.4555
81 74.7701 71.7883
70 78.8806 75.9903
69 86.7713 82.1749
84 87.3951 83.2262
79 87.4718 84.353
75 83.3698 83.5582
72 90.4975 87.4901
82 94.3603 89.1685
90 96.3363 89.2127
95 93.48 93.7127
108 113.267 118.102
121 124.256 125.213
108 148.276 138.151
105 134.635 124.212
103 135.373 123.851
112 132.905 124.314
114 129.705 123.54
107 131.515 123.235
132 131.363 124.876
126 127.802 122.248
130 138.607 129.805
135 143.54 133.235
140 170.248 157.183
146 174.241 162.16
160 195.036 179.653
189 205.066 187.622
182 203.755 195.453
172 198.613 183.783
154 202.665 181.583
154 190.039 172.819
167 190.919 171.03
187 187.745 166.47
178 178.576 155.759
165 151.525 141.282
51 118.861 113.574
47 110.179 104.353
50 117.988 106.021
107 130.835 111.368
125 125.147 108.509
112 123.022 105.66
96 117.296 102.813
86 107.228 94.0561
76 101.597 88.5977
34 81.1441 74.4112
25 70.3356 66.2896
26 57.4628 59.5062
27 57.182 54.9223
40 51.3975 50.0743
49 51.4276 54.6589
54 50.4315 52.4521
63 52.8378 51.6519
58 75.0288 62.2904
54 66.0076 56.1488
57 60.0974 50.4524
49 51.3974 49.4906
41 43.0472 49.1024
105 85.3372 80.4342
107 95.521 87.1863
91 90.9721 88.1215
88 83.9219 85.846
80 80.36 82.4889
77.75 79.3911 80.9229
75.5 78.4222 79.357
73.25 77.4532 77.791
71 76.4843 76.2251
68.75 75.5154 74.6591
66.5 74.5465 73.0931
64.25 73.5776 71.5272
62 72.6087 69.9612
59.75 71.6398 68.3953
57.5 70.6709 66.8293
55.25 69.702 65.2633
53 57.4107 55.5552
25 34.7321 33.3156
38 36.2824 30.7947
45 44.8727 40.0928
39 39.9183 37.6099
40 45.8424 42.3694
43 47.1287 48.4765
63 60.7471 55.7597
67 67.2744 62.9955
64 74.4293 79.1493
90 109.247 103.566
124 129.734 115.963
111 110.604 103.836
96 98.1951 95.9688
86 89.5594 91.7684
60 78.516 81.9916
54 68.8934 73.6862
62 72.1483 79.7709
79 71.0573 75.6021
103 77.2999 82.8942
105 75.669 81.1903
100 83.5448 88.8471
98 96.3285 100.916
108 112.854 111.075
131 119.599 118.322
120 123.568 115.922
99 107.514 98.842
74 77.8784 72.337
51 55.617 53.2388
57 48.3958 46.8119
39 50.9395 49.361
72 54.8756 50.772
40 33.0441 31.1927
24 23.3166 22.2584
23 21.8103 21.1483
18 20.6779 19.7104
18 28.0591 25.9674
21 32.6636 28.6088
37 33.0098 29.9393
35 37.3653 33.4335
34 54.8464 45.4946
55 58.0454 46.6965
61 60.8607 49.5674
67 61.4563 49.6141
80 61.5609 49.6868
66 68.613 54.5263
53 83.4388 70.0238
48 73.0082 60.1519
73 60.5372 55.8368
54 48.941 45.8968
35 42.7316 44.3042
28 39.46 41.2724
38 39.7776 40.6615
34 42.9308 42.0746
43 44.7633 43.644
44 51.689 49.8807
47 56.9303 54.6104
52 58.8207 56.6015
44 52.5801 52.1298
44 53.6478 56.1158
43 52.4835 52.4277
47 55.1413 55.9275
45 57.6529 56.415
51 58.8861 57.5125
49 64.2148 61.0798
51 69.7778 65.0302
65 71.6114 68.6867
53 74.1969 70.7674
53 76.7774 72.9413
79 78.6128 74.4811
77 90.1889 89.0488
94 98.6815 95.2314
91 98.1443 95.871
89 93.7723 90.976
92 92.5229 89.2409
93 96.0781 95.0509
96 94.4771 91.8291
85 80.8464 75.9679
51 64.0892 59.3501
34 45.7699 43.9407
25 37.8788 34.9372
18 35.1308 33.487
22 28.7247 28.9707
28 32.9894 30.4196
33 43.0981 44.4114
34 45.2878 46.1255
17 52.3456 49.2469
61 66.8082 59.6872
62 74.2269 65.0508
61 67.0313 60.3846
55 64.5962 56.3476
58 64.0309 58.4936
71 64.3773 55.517
61 71.4337 61.5706
61 84.9457 73.3178
59 71.1695 67.6626
56.5 66.2976 64.101
54 63.456 59.0536
45 55.8342 54.9836
41 57.9779 58.0308
43 52.8523 54.6157
45 56.1252 55.9883
47 54.4986 55.6461
43 53.1138 56.4738
51 59.2406 60.1914
55 61.4152 61.8616
52 58.5875 62.8408
56 64.7731 69.3625
61 65.8255 68.0236
63 64.1527 66.0353
63 67.3015 67.6338
72 71.5365 69.1305
78 77.201 71.8751
77 82.2329 75.9845
79 88.0689 77.6234
70 88.4737 79.0851
78 87.1167 76.3036
75 90.5574 80.0664
78 93.4609 88.2895
75 96.0402 91.9727
94 98.5665 94.0904
94 112.757 101.157
107 116.947 101.005
122 107.864 96.1398
102 93.9586 85.9295
81 76.0915 74.0445
60 58.2244 62.1594
65 54.676 54.5815
68 64.6119 60.4322
71 71.0075 67.1803
65 86.9507 82.3795
88 103.626 96.1653
90 108.66 103.294
103 104.518 98.9295
89 102.144 98.5313
88 98.1482 92.791
99 102.875 96.1697
111 106.909 99.0605
119 114.959 104.18
124 114.754 105.004
123 117.717 106.386
118 121.565 109.656
133 137.143 124.299
139 152.294 140.276
151 161.812 149.184
172.5 167.1 153.583
194 168.504 156.368
179 157.667 151.934
162 143.077 142.442
141 121.943 122.389
134 107.2 109.389
117 97.4983 98.245
121 92.965 95.3824
125 87.7484 90.1583
121 82.2659 86.9667
99 72.5866 77.9456
95 63.441 71.9071
82 58.0013 64.3327
82 58.6805 66.5393
73 60.215 65.853
81 67.3556 70.2377
100 74.0198 74.2173
129 80.5565 79.6066
109 87.485 84.7301
114 93.9998 90.0399
130 98.6155 95.2159
128 110.313 106.123
141 123.391 118.523
152 133.152 129.053
160 134.264 136.708
167 135.794 134.22
167 133.645 135.693
168 129.619 132.507
160 131.259 135.219
181 123.934 130.139
177 106.217 108.953
149 90.7719 89.1816
50 43.788 48.52
55.3333333333333 47.8895 47.09
60.6666666666667 61.3951 55.5721
66 59.8957 55.5354
50 48.5754 49.2196
52 50.1996 49.8853
59 45.565 46.7354
47 32.3544 38.9061
39 30.0684 36.6006
45 39.7659 42.2544
51 39.5479 41.5743
42 39.7097 42.6621
61 43.2714 45.6349
54 45.5489 46.8625
67 47.8986 49.1643
70 48.0572 49.6016
43.5 48.6247 48.6662
56 56.762 49.9874
52 62.7127 55.1665
62 62.8836 60.9283
49 64.5175 60.4725
43 55.3541 51.9843
48 45.9412 40.928
27 26.8579 23.5423
19 18.9918 16.8129
18 14.6826 12.7117
19 14.5141 13.3206
16 13.2245 12.114
13 13.1807 12.6482
13 16.5523 15.4163
23 22.4252 21.1905
32 27.2888 28.4653
43 36.923 34.4807
45 42.6501 41.5081
41 44.8876 43.3577
49 48.8932 47.0924
49 59.2949 52.1404
58 71.0302 60.9659
89 92.7353 74.9033
91 88.7136 79.6759
72 71.8744 76.8886
61 62.1459 72.4509
62 64.7967 69.2345
53 60.6955 71.3927
56 59.578 71.1823
59 60.4806 67.2413
64 63.8424 68.2447
64 66.4414 66.9176
68 68.1531 68.2178
67 66.4214 67.1409
68 70.7761 69.3921
70 70.7217 68.8346
75.5 78.0059 74.1983
81 83.3886 80.2092
92 94.9226 91.0363
102 111.568 104.61
113 122.663 116.777
124 133.461 128.581
146 150.406 139.167
143 139.14 137.169
144 134.458 133.69
119 119.761 126.541
121 123.934 128.381
111 111.567 121.59
112 98.9439 114.706
114 111.097 119.363
115 120.404 127.309
119 120.102 129.973
124 122.662 134.59
142 133.822 142.929
151 142.049 145.682
160 149.748 152.865
167 160.014 157.028
149 162.972 154.083
104 103.235 119.778
89 88.2297 105.601
87 85.77 99.4308
88 87.8923 97.2786
99 100.32 103.465
128 119.954 116.891
129 120.696 119.395
105 101.327 109.936
96 91.528 104.055
100 93.368 105.221
99 92.7874 103.641
102 96.8784 106.425
99 98.9485 109.024
104 100.721 111.205
111 105.235 114.264
112 112.188 118.838
119 116.852 127
128 128.731 134.698
144 139.471 144.496
155 146.771 148.512
155 145.571 145.397
120 119.769 128.458
93 87.8382 109.798
83 84.5094 99.1516
75 77.884 88.138
62 72.4869 78.0733
65 62.4091 70.0439
77 73.9137 77.4878
86 84.5651 83.7754
84 112.483 98.3793
14 15.0374 20.3649
16 15.8322 21.1527
16 12.5516 19.2038
12 16.5444 19.914
22 16.3793 21.5934
18 17.4058 22.7092
11 17.7268 21.7336
16.4 16.2082 19.8553
21.8 20.3255 22.2036
27.2 24.4429 24.5518
32.6 28.5603 26.9001
38 32.6776 29.2483
38 34.9647 31.2669
38 35.4358 35.9081
48 42.9542 44.3774
64 55.885 53.9231
74 69.2494 63.0807
62 63.285 62.2349
51 52.4433 56.427
34 36.263 46.6603
31 31.9251 43.5189
36 34.7602 42.0542
37 35.4131 39.9479
37 39.2316 40.8494
32 37.694 41.5564
39 36.812 41.9899
37 38.9449 42.8861
38 42.0182 45.5333
40 41.708 46.2389
48 47.2492 51.2451
51 54.662 56.8463
68 70.8737 65.97
77 77.9753 70.9255
74 75.6022 71.2944
76 72.2244 70.9953
71 72.2396 71.8674
67 72.9498 71.3502
71 72.3476 72.4808
73 72.1811 73.4067
74 75.3957 75.8178
78 81.7794 81.693
88 89.6896 92.0802
100 98.5453 100.526
98 101.78 105.778
106 104.823 108.818
119 114.218 113.74
126 121.514 117.993
127 127.538 122.739
135 131.42 124.62
139 134.053 127.097
142 136.975 127.648
138 139.303 123.731
87 109.653 92.8971
33 50.7438 50.138
17 20.8015 28.2324
21 18.9351 24.0286
28 26.0014 26.2341
31 26.7706 27.8866
23 22.5934 24.2869
22 19.9509 22.8438
18 21.1722 22.1802
19 20.9882 20.8777
21 19.3698 19.5779
17 17.6147 18.1929
19 16.4818 17.422
21 18.1335 18.6218
22 19.5261 20.3843
24 23.1091 22.6534
21 21.8675 21.8223
16 20.9023 20.8777
17 17.8981 18.396
16 17.0348 17.6565
16 15.6902 16.4614
13 17.311 17.5817
14 15.4619 15.7682
12 15.4683 14.9573
14 14.1497 14.3559
13 16.7315 16.7386
14 16.9903 16.6411
17 15.8452 16.0485
18 16.7022 16.4095
19 15.0857 16.0809
12 13.4676 15.5498
20 16.9242 17.7811
21 17.8883 17.7748
18 19.0058 18.7829
21 21.3986 20.9845
28 24.7698 21.972
28 27.9827 26.3205
33 32.3332 30.787
34 34.654 32.7247
41 38.6496 37.1064
44 41.9802 39.1502
50 44.613 39.6473
50 46.0338 40.0818
50 48.0576 39.7554
21 21.5988 23.1264
10 10.9436 15.9167
8 10.6657 15.5812
6 9.408 16.2531
10 11.0236 18.975
11 13.9391 19.8065
13 15.8069 18.7928
11 11.4471 12.8967
15 11.5709 11.8309
4 10.4105 9.89322
14 12.9424 12.6868
8 13.9899 14.3791
20 18.0701 16.4897
23 17.7034 18.2115
22 22.0482 19.8513
21 21.9077 21.7402
25 26.2943 26.3916
36 33.1281 34.1952
56 49.2008 47.0689
62 58.915 54.3508
64 63.1662 57.3677
71 69.1687 61.1777
74 71.4758 64.0713
79 75.7569 67.1798
88 84.5414 73.7032
89 90.5973 78.2379
93 94.1966 79.6066
96 91.6687 80.072
97 90.0615 82.3517
111 97.1618 89.9875
118 104.761 96.9399
126 110.683 101.051
93 92.4329 94.4548
84.5 74.4819 85.1272
76 69.7637 85.473
84.5 83.7481 89.5926
93 89.3457 92.3682
100 96.4796 99.5464
103.166666666667 99.3644 102.986
106.333333333333 102.249 106.426
109.5 105.134 109.866
112.666666666667 108.019 113.305
115.833333333333 110.903 116.745
119 113.788 120.185
122.166666666667 116.673 123.625
125.333333333333 119.558 127.064
128.5 122.442 130.504
131.666666666667 125.327 133.944
134.833333333333 128.212 137.383
138 131.097 140.823
141.166666666667 133.981 144.263
144.333333333333 136.866 147.703
147.5 139.751 151.142
150.666666666667 142.636 154.582
153.833333333333 145.52 158.022
157 148.405 161.462
167 157.018 167.905
181 174.357 176.3
187.5 183.388 181.426
194 176.746 172.656
191 182.826 174.601
174 161.236 157.118
133 127.472 132.692
162 143.94 139.379
208 183.474 162.937
225 206.775 181.582
236 222.38 196.907
236 226.008 200.197
245 226.523 200.245
238 226.947 195.989
236 225.815 195.763
241 219.156 192.1
224 211.875 189.22
229 210.87 188.566
226 209.77 184.435
212 207.918 182.251
207 203.236 178.302
204 202.815 180.026
207 203.674 182.383
212.5 209.718 189.484
218 219.619 201.102
206 205.88 190.912
177.666666666667 167.312 155.936
149.333333333333 137.72 133.305
121 118.573 120.289
118 114.149 116.474
119.15 114.848 118.067
120.3 115.546 119.661
121.45 116.245 121.254
122.6 116.943 122.847
123.75 117.642 124.441
124.9 118.34 126.034
126.05 119.039 127.628
127.2 119.737 129.221
128.35 120.436 130.814
129.5 121.134 132.408
130.65 121.833 134.001
131.8 122.531 135.595
132.95 123.23 137.188
134.1 123.928 138.781
135.25 124.627 140.375
136.4 125.325 141.968
137.55 126.024 143.562
138.7 126.722 145.155
139.85 127.421 146.748
141 128.119 148.342
139 127.755 136.322
115 110.339 120.319
90 87.346 104.045
91 85.2136 92.2369
92 85.9124 85.7511
75 91.1682 81.9809
124 117.626 90.7053
141 128.404 99.4525
126 114.771 93.512
68.5 79.3165 65.2104
11 26.5207 27.356
6 15.6813 15.7268
9 11.5999 14.6139
12 11.6797 15.4953
16 15.6892 16.0646
11 12.8435 13.3096
10 9.25533 10.6957
9 9.05909 11.0036
5 10.6394 11.6323
8 9.56475 12.3738
10 9.39073 11.2687
7 9.32677 11.1522
8 10.9994 12.2692
9 14.0104 13.219
15 12.6854 12.7006
15 14.7174 15.2838
15 17.6359 16.7823
12 19.1428 17.9884
12 14.3947 14.6152
12 14.5464 14.7001
7 14.6689 14.4503
10 13.179 13.068
8 11.4011 11.697
7 11.0854 11.1146
8 11.8845 11.9255
8 10.8852 11.6066
16 10.5332 11.2142
9 11.294 11.5391
12 15.6536 15.546
14 14.2532 14.7258
12 14.1474 14.6114
11 15.5856 15.5964
14 17.5918 17.2789
17 21.0942 19.4612
19 24.1661 22.6193
24 24.1271 23.7867
25 28.473 26.1677
23 29.7271 28.8987
25.5 36.0896 32.637
28 41.2059 36.3931
19.6666666666667 33.2736 31.9888
11.3333333333333 36.3163 34.7903
3 39.359 37.5918
28.5 41.387 41.915
54 41.9865 42.0542
44 45.9604 46.4624
140 48.3897 49.5467
107.666666666667 53.0195 55.1219
75.3333333333333 58.9887 59.041
72 79.1926 79.602
75 86.5378 82.2889
78 90.7953 83.3704
74 95.5095 85.3602
82 89.5154 90.0317
114 108.901 116.21
114 117.621 119.214
102 144.799 130.339
102 132.055 117.142
104 133.127 116.616
122 129.924 117.677
109 125.072 116.316
103 127.494 115.656
107 126.453 117.213
108 123.072 115.193
108 134.436 121.855
114 139.945 125.194
119 168.107 149.387
148 170.714 153.455
178 191.717 169.685
172 201.394 176.357
166 192.718 180.857
151 191.588 170.279
163 198.002 167.608
158 184.644 159.85
171 187.254 158.612
178 185.773 155.138
172 178.467 145.603
171 150.401 135.837
161.571428571429 116.983 109.555
152.142857142857 109.3 101.097
142.714285714286 118.535 101.399
133.285714285714 134.304 106.308
123.857142857143 126.963 103.044
114.428571428571 125.205 100.228
105 118.628 97.8235
95.5714285714286 107.981 89.048
86.1428571428571 102.704 84.0166
76.7142857142857 80.7774 71.1675
67.2857142857143 69.655 63.9383
57.8571428571429 54.5022 57.5899
48.4285714285714 53.7393 50.4981
39 47.6631 45.7642
55 44.5466 49.228
48.3333333333333 44.8889 47.8264
41.6666666666667 48.8785 47.1716
35 75.1656 56.7178
33 65.1666 50.8864
28 60.3602 46.4208
32 50.0424 47.3688
39 39.8469 48.7596
101 84.4464 77.5229
88 94.0693 82.1191
77 85.7939 81.7501
78 76.4931 79.3551
75 73.2385 76.3997
73.0909090909091 72.8077 75.1082
71.1818181818182 72.3768 73.8167
69.2727272727273 71.946 72.5252
67.3636363636364 71.5152 71.2336
65.4545454545455 71.0843 69.9421
63.5454545454545 70.6535 68.6506
61.6363636363636 70.2227 67.3591
59.7272727272727 69.7919 66.0676
57.8181818181818 69.361 64.7761
55.9090909090909 68.9302 63.4845
54 68.4994 62.193
49 56.4267 53.8704
32 33.6559 31.6632
44 36.7784 28.8692
29 44.248 37.3639
27 38.3621 35.0506
34.5 44.3692 39.3751
42 43.4193 45.4226
55 59.4162 52.2572
66 66.2537 60.1638
77 70.9271 77.9662
106 106.907 98.8525
134 128.818 109.029
90 106.067 96.3633
81 91.4512 88.2921
71 80.4823 83.7158
56 69.5717 74.6295
51 60.9016 67.8905
48 62.2049 73.2863
51 63.7056 70.3564
56 68.8259 77.0004
176 178.903 179.271
183 182.823 183.113
187 191.968 193.45
181 183.883 192.052
164 171.357 183.297
167 167.455 182.294
171 168.272 183.433
169 176.442 189.529
184 187.449 200.336
188 199.186 208.813
183 189.027 205.547
169 179.134 200.479
159 170.151 192.885
153 167.69 186.768
171 177.908 188.082
184 184.902 189.634
173 173.909 184.899
149 153.535 175.156
149 152.674 172.621
163 157.799 173.299
155 160.051 175.849
153 156.273 173.894
155 158.844 173.466
154 148.413 162.266
152 144.285 152.682
107 126.213 142.754
62 106.709 122.787
96 96.719 110.672
91.1666666666667 90.2952 104.649
86.3333333333333 83.4792 98.4448
81.5 77.4475 92.6017
76.6666666666667 71.1805 86.6504
71.8333333333333 65.4626 80.9517
67 63.4545 78.158
65 64.4739 79.7353
63 66.2776 81.6736
67 70.409 84.2153
68 72.6816 86.8606
66 75.0527 88.2409
71 80.8497 90.927
72 89.5226 94.1832
85 90.0879 91.381
60 80.3847 84.7891
61 74.3639 82.3619
75 79.8993 83.2815
89 87.2101 86.4151
69 70.6152 72.7693
47 41.9008 50.6236
25 30.252 40.0895
31 31.8817 39.8925
41 31.4831 36.9551
42 33.2567 38.0261
33 34.9283 38.1313
36 36.3059 39.4463
33 35.7989 40.0544
37 37.0235 44.0606
40 43.5997 48.1082
45 48.7391 54.8773
59 54.2293 56.7255
45 49.5215 53.3815
55 45.843 51.2551
43 42.0779 46.3617
36 42.6782 45.3729
43 42.4959 45.8895
47 43.4708 47.6074
44 48.3255 50.3579
53 52.0616 51.9945
41 49.7678 51.0322
56 59.8859 55.8673
59 58.996 54.2515
56 53.5259 50.0813
48 48.9813 44.0522
48 41.3853 37.4687
33 33.2436 33.6739
38 31.043 30.9525
37 32.6801 32.3844
36 36.3387 35.9811
34 38.537 37.6503
41 41.0877 39.336
31 31.8458 32.2374
7 26.6972 28.658
6 25.1931 28.0947
10 19.709 26.6303
9 19.1067 25.7691
11 18.0425 26.4898
12.5 17.7994 25.8402
14 18.8336 26.2693
196 226.651 203.484
210 233.229 211.229
231 244.276 224.165
219 229.222 212.979
186 185.458 173.154
142 152.518 147.811
129 131.453 133.436
133 127.755 130.358
133.7 128.389 131.979
134.4 129.024 133.6
135.1 129.659 135.22
135.8 130.294 136.841
136.5 130.929 138.462
137.2 131.564 140.082
137.9 132.199 141.703
138.6 132.834 143.324
139.3 133.468 144.944
140 134.103 146.565
140.7 134.738 148.186
141.4 135.373 149.806
142.1 136.008 151.427
142.8 136.643 153.048
143.5 137.278 154.668
144.2 137.913 156.289
144.9 138.547 157.91
145.6 139.182 159.53
146.3 139.817 161.151
147 140.452 162.772
141 140.88 150.404
118 120.343 131.44
87 94.4089 112.859
86 92.9226 100.745
95 96.3728 96.2323
96 105.095 94.9731
131 133.011 103.539
141 144.865 113.181
124 130.804 107.496
108 92.7177 77.1713
16 32.8111 33.6312
10 17.1196 17.1913
15 11.4522 14.8119
14 11.7829 16.013
13 16.5345 16.9906
14 13.9435 14.4769
5 9.79206 11.3951
3 9.37175 11.5337
3 11.0857 12.2081
3 10.3193 13.4144
3 10.1723 12.2468
7 10.0013 12.0219
8 11.8478 13.2615
8 15.9329 15.0654
11 13.823 13.8605
20 16.2606 16.8972
14 19.4118 18.4976
9 21.3909 20.1382
14 16.0006 16.2537
12 16.2904 16.4663
13 16.4926 16.2579
14 14.8932 14.7738
10 12.7627 13.0921
13 12.3296 12.37
15 13.1539 13.2103
11 12.0831 12.8826
12 11.6648 12.4203
14 12.5925 12.8684
17 17.2519 17.1519
18 15.8526 16.3807
16 15.7896 16.307
14 17.4122 17.4335
14 19.6188 19.2873
17 23.1224 21.3615
21 26.7021 25.0324
21 26.7428 26.3924
20 31.3065 28.8158
19 32.9222 32.0419
18 39.4275 35.6989
34 45.5564 40.3266
32 37.5276 36.1287
33 41.1964 39.5256
34 44.8652 42.9225
36 48.1465 48.6825
36 47.7874 47.8558
44 51.4525 52.0257
45 54.3716 55.6569
51 59.4877 61.8136
57 66.4757 66.5484
63 69.5038 68.1531
67 72.7177 69.2766
74 77.8047 71.9404
76 80.53 73.1416
74 82.6743 75.4287
70 86.1222 75.4191
74 89.0693 78.1788
80 93.1018 80.9587
70 84.021 82.1534
57 80.3052 77.6301
53 71.3348 70.6869
52 60.8895 59.0909
47 64.4227 57.1142
62 65.8556 51.8076
57 64.1236 52.8981
48 57.0184 50.0635
45 54.3045 49.697
47 53.5879 49.6292
56 55.3774 53.3139
47 53.8283 51.9607
45 55.6297 55.883
55 59.6687 60.7097
58 58.8386 63.0228
61 62.312 66.138
63 67.9699 69.1247
64 78.0149 77.9515
72 80.7728 77.5702
74 89.8653 83.3081
79 94.0108 87.0261
79 99.348 90.0595
85 103.233 93.3511
98 110.828 96.8634
99 126.243 110.723
111 138.063 123.617
129 147.965 132.809
136 158.139 140.747
144 158.494 143.905
134 154.093 145.304
139 158.735 152.119
138 153.939 151.162
144 152.144 154.525
130 145.157 157.224
127 149.323 181.751
330 308.397 263.648
133 191.311 166.119
85 120.408 106.43
91 108.401 100.871
87 119.75 106.532
88 111.968 108.02
93 110.883 106.467
63 85.4296 77.5307
35 51.28 43.525
19 45.6429 34.6676
14 32.8643 25.9872
10 45.1849 31.2418
11 30.2087 22.4374
10 16.2722 14.2313
10 16.8138 15.0598
7 16.4736 15.7384
8 15.4431 12.6546
7 17.4584 14.0073
9 21.674 14.6873
8 27.3465 18.7752
3 41.005 25.6719
12 35.3325 25.0192
20 31.6604 24.6175
20 34.7336 28.0659
22 40.4466 35.771
35 48.6542 47.4042
38.7692307692308 50.6356 49.177
42.5384615384615 52.617 50.9498
46.3076923076923 54.5985 52.7226
50.0769230769231 56.5799 54.4954
53.8461538461538 58.5614 56.2681
57.6153846153846 60.5428 58.0409
61.3846153846154 62.5242 59.8137
65.1538461538462 64.5057 61.5865
68.9230769230769 66.4871 63.3592
72.6923076923077 68.4686 65.132
76.4615384615385 70.45 66.9048
80.2307692307692 72.4314 68.6776
84 74.4129 70.4503
77 82.0274 77.3809
78 86.0438 81.5531
81 95.5163 88.3056
80 96.4078 89.8661
84 94.7993 89.9541
71 76.8754 85.4462
76 87.009 95.2434
90 101.79 108.949
102 121.451 118.918
110 127.766 126.02
130 131.198 119.762
105 113.492 100.47
59 80.54 72.2515
28 55.3064 51.8094
35 47.8878 45.5848
38 52.4035 50.1016
280 60.0642 53.8973
127 40.5019 37.6873
89 26.0621 24.4758
73 22.6233 21.656
65 22.1946 20.7533
62 28.9547 25.8227
67 35.8478 29.7143
56 38.3708 33.721
69 44.9423 38.9681
70 63.865 49.6633
58 68.5977 51.3485
60 71.631 54.4729
68 73.4124 55.4027
74 74.435 56.3673
86 83.3545 61.9179
123 96.5225 76.1601
109 85.5436 66.015
109 65.6013 58.5314
101 52.9725 48.4071
93 41.684 44.1793
84 37.3418 40.2041
77 38.1742 39.6229
69 42.4317 41.228
70 44.6739 43.0696
69 51.6259 48.9957
70 57.1857 53.7824
62 58.139 54.9013
56 51.4234 50.8696
54 49.9236 53.835
59 52.5805 52.6159
57 54.8828 56.211
56 60.312 58.5368
61 60.8735 58.9009
58 67.7634 63.1042
67 74.8374 67.7184
70 75.9842 71.6503
60 79.0857 73.9821
79 83.5701 77.8402
69 86.6285 80.4429
89 95.4947 93.9149
105 107.175 102.07
120 103.769 100.479
108 100.028 95.9251
111 99.1905 94.3403
104 98.7164 97.3433
121 99.0002 95.1421
96 88.5989 81.2729
77 71.0442 63.9023
43 50.6813 47.9492
47 40.6735 36.2507
33 35.8845 33.4491
35 28.4981 28.9394
31 34.5081 30.6464
33 57.5835 59.5321
34 56.234 57.5016
75 59.0344 54.3729
69 75.9204 65.138
68 82.6239 68.736
61 74.6123 64.5697
46 74.8582 62.3433
47 71.8438 63.4859
49 75.0901 61.6392
81 84.132 69.1555
98 102.722 85.0404
97 79.3397 74.0822
83 71.9592 68.7091
69 69.5072 62.8894
71 58.818 57.6225
64 59.2278 59.4299
60 52.0911 54.9065
62 55.7373 55.6614
51 53.4071 55.2878
54 50.9224 56.1759
69 58.287 59.8764
71 61.0364 61.8556
59 55.176 61.8126
65 63.9901 71.2315
65 67.5483 71.0787
58 63.5846 66.6481
66 68.2148 68.8757
72 74.9172 71.3308
80 82.8211 74.7109
85 88.4261 78.8943
86 98.3366 82.2921
88 97.9782 83.5764
90 97.8683 81.2523
107 102.203 86.0823
117 103.234 95.3712
96 110.569 104.376
97 110.781 103.977
112 125.518 107.716
114 132.246 107.714
111 122.564 104.54
97 103.472 91.1864
71 81.3649 78.3305
45 59.2581 65.4747
69 56.9749 56.9338
196.5 70.8299 64.4523
324 77.5233 71.7059
246 96.0608 89.1044
194 113.47 102.074
142 115.966 107.843
90 111.424 102.948
97 108.865 103.445
101 107.508 99.3546
105 113.492 103.253
114 118.805 106.795
110 131.092 114.532
110 129.484 114.525
117 134.607 117.19
141 138.908 120.601
167 156.453 136.724
172 170.302 151.898
185 179.408 160.086
200 183.643 162.969
215 182.699 164.184
145 161.952 153.414
165 140.724 140.095
104 117.779 118.782
91 103.399 107.066
85 97.2252 98.6059
76 91.5226 95.4828
75 85.1697 89.1122
67 74.6079 82.1305
52 65.5237 74.0402
52 61.9373 75.1812
49 53.4736 63.4306
86 52.7636 65.0944
61 58.1679 67.034
61 68.0111 72.6044
70 76.1434 76.5896
76 83.5565 82.236
79 92.6746 88.5587
85 100.168 94.1955
90 104.832 99.7375
122 117.059 110.765
112 131.779 124.442
153 138.604 132.514
141 130.422 134.529
128 136.953 134.811
120 130.188 133.684
165 126.483 131.271
163 126.419 132.89
143 117.27 127.217
130 107.5 111.977
92 98.2282 95.9178
61 46.2086 53.6075
53 50.0432 48.9033
59.5 66.7809 57.8734
66 65.9202 59.2663
47 52.3515 53.4354
54 53.2221 52.8316
53 46.113 48.0248
30 29.5275 39.764
19 27.8651 38.0605
42 40.3795 44.3156
39 40.8868 44.1028
28 40.6619 45.3129
36 43.6273 47.3811
44 45.8449 47.9804
75 48.007 50.0762
65 48.0994 50.5992
42 49.6392 49.806
