94 81.4435 88.7652
77 84.4588 83.2109
89 84.9043 77.2
110 85.8939 70.0483
116 82.4812 67.5743
109 81.6167 66.3639
108 83.8033 69.3745
101 83.2264 73.3664
100 81.0418 77.433
110 85.0821 79.1875
109 88.647 84.9338
99 95.5528 95.2273
99 105.134 105.369
109 106.98 108.384
103 107.937 112.852
107 113.835 116.786
107 114.115 115.931
106 112.919 113.774
121 120.842 115.797
111 125.758 121.098
123 131.458 129.073
142 133.194 135.001
145 141.91 140.306
151 145.664 145.012
163 148.731 136.593
172 145.584 122.143
171 137.44 110.387
176 126.895 99.8841
178 125.646 99.3214
170 124.786 102.814
181 128.896 106.875
170 133.683 111.383
174 135.686 114.755
136 118.428 112.075
31 87.4405 73.0814
18 78.5486 49.4101
20 54.667 39.1752
42 50.8054 40.0967
85 83.1671 70.803
111 106.797 96.6608
93 103.939 102.083
66 78.8246 81.6833
38 48.1528 56.0122
32 30.6397 47.6877
22 26.8162 28.8224
22 24.3694 25.7521
22 21.9735 26.1881
19 21.1211 27.6814
33 24.2885 28.6761
26 25.296 29.8167
31 25.7524 31.5771
37 30.0512 36.6875
48 30.3148 39.5826
46 27.5385 44.6019
44 22.3671 54.927
58 24.2864 55.9879
45 30.2422 44.3287
45 27.9685 53.6304
52 31.1667 63.3327
37 48.9621 81.3201
47 63.515 105.585
82 79.9232 122.953
105 105.466 135.802
112 113.63 143.186
134 118.927 143.737
117 110.711 123.395
65 104.172 99.3678
65 81.9405 88.2291
75 71.2392 86.3696
71 86.3333 89.9717
64 69.5607 85.0909
62 72.4818 90.4423
65 74.944 98.822
75 78.5427 108.955
113 84.6378 110.898
136 99.4141 110.116
131 93.9238 109.103
123 98.7219 112.652
121 102.741 117.811
116 106.811 120.154
110 110.26 122.108
121 110.704 124.036
115 114.687 128.5
123 123.57 134.6
143 132.384 144.677
151 152.762 156.442
160 155.963 158.432
14 26.6934 20.1248
14 27.3258 20.8635
10 27.0283 18.922
15 23.5334 19.3377
18 27.6251 21.4792
19 29.1713 22.8066
18 26.4279 21.2409
16 24.1865 19.8322
20.8 24.3043 22.2467
25.6 24.4222 24.6612
30.4 24.5401 27.0757
35.2 24.6579 29.4902
40 26.6959 31.9159
45 35.9798 35.7079
40 45.3748 43.8207
46 50.6711 53.7269
58 54.8916 63.2877
77 60.3255 61.7237
80 60.2089 54.7776
46 58.7868 45.1054
38 56.9477 41.669
33 50.2786 40.7563
33 44.7513 38.8673
36 41.931 39.6249
32 45.4619 40.1727
33 47.3438 40.6088
34 46.8543 41.5771
38 48.9568 44.0364
31 50.9898 44.9067
39 55.0588 49.8234
52 58.5142 55.5622
51 58.9515 65.3075
52 61.2051 70.3988
58 64.8288 70.4687
57 68.3441 70.1836
62 70.2433 70.6242
64 68.2838 70.1273
63 71.5062 71.2003
63 73.63 72.033
66 75.1899 74.7938
73 80.1561 80.2014
83 93.2808 90.0908
85 100.947 98.2891
101 108.834 103.583
95 112.116 107.097
101 111.45 112.405
107 111.906 116.925
102 114.819 121.079
94 113.982 122.732
90 116.257 125.362
88 113.839 126.234
58 102.495 123.234
12 70.0451 91.6147
20 48.1497 48.0551
25 37.1769 27.6684
30 29.8631 23.5718
29 26.4887 26.312
31 28.7625 27.3543
22 26.1398 23.8928
19 26.2439 22.7222
24 23.0737 21.6642
26 20.4577 20.6216
24 19.4109 19.1929
16 18.6703 17.9644
18 18.2818 17.1029
18 18.9418 18.3919
17 21.2172 20.2489
25 21.6881 22.228
17 21.3911 21.4698
17 20.4166 20.1102
16 18.7319 18.0592
16 18.1248 17.2539
18 17.2311 16.3911
16 17.7346 17.2091
14 15.993 15.5985
13 14.0959 14.6585
12 14.4311 14.1339
14 16.5152 16.2887
13 15.8976 16.2709
17 15.888 15.7069
18 15.856 16.423
12 17.0511 15.8131
8 18.0549 15.3624
20 18.5472 17.608
18 17.3121 17.6439
19 18.2604 18.5511
21 20.0693 20.5466
189 155.924 182.263
194 165.521 190.22
187 177.871 200.834
179 168.459 188.285
153 140.414 155.678
137 123.728 130.648
109 114.255 114.514
105 116.663 114.788
108.65 119.392 116.342
112.3 122.12 117.895
115.95 124.849 119.449
119.6 127.578 121.002
123.25 130.306 122.556
126.9 133.035 124.109
130.55 135.763 125.663
134.2 138.492 127.216
137.85 141.221 128.77
141.5 143.949 130.323
145.15 146.678 131.877
148.8 149.406 133.43
152.45 152.135 134.984
156.1 154.864 136.537
159.75 157.592 138.091
163.4 160.321 139.644
167.05 163.049 141.198
170.7 165.778 142.751
174.35 168.507 144.305
178 171.235 145.858
144 145.24 134.371
96 132.01 119.089
117 123.972 101.993
114 94.3271 87.4295
91 81.2784 83.0662
39 66.127 78.4956
42 56.1881 91.9071
30 63.5949 101.536
41 68.7795 96.2929
45 48.0151 66.5731
35 26.3594 24.8638
15 15.1509 14.4936
15 17.9914 14.1215
25 19.8041 14.9469
18 18.0136 16.7982
8 13.8298 13.1318
10 12.2473 10.2783
7 12.7385 10.0616
5 12.6579 10.7681
8 15.4947 11.6671
6 13.2375 10.5666
6 13.0853 10.649
6 13.7292 11.8286
9 11.866 12.4797
5 12.429 12.5046
7 15.2425 14.8712
17 15.402 16.1181
14 16.1998 16.9759
11 16.1816 15.1724
17 15.1528 14.5057
12 14.3755 14.0861
10 12.7698 12.8493
11 11.8961 11.3082
12 11.0944 10.8501
12 11.6603 11.5945
10 12.0934 11.1197
7 11.8178 11.1912
14 11.5569 11.335
13 15.0695 15.0005
11 15.0198 14.4206
15 14.5811 14.0695
9 15.4026 15.0489
17 16.4223 16.5678
16 16.8927 18.6945
17 20.0546 21.5729
24 22.7147 22.9652
21 22.4978 24.8654
28 27.0748 27.4541
16 27.6204 30.7857
36 29.4547 34.6699
29 29.8085 30.7378
32.5 32.2511 33.0059
36 34.6937 35.274
32 41.1404 39.8878
31 40.4423 40.7062
39 46.071 45.0528
37 48.6827 50.8054
100 56.2624 55.4324
75 57.9873 58.2625
72 58.2584 59.7439
63 56.9805 60.8553
56 56.5056 63.3352
52 55.4288 64.142
58 57.3403 65.5484
61 53.4348 65.5713
59 54.7536 67.2177
46 55.8733 69.7378
69 67.6106 69.1353
84 64.2838 65.881
75 60.4964 60.1583
60 50.1765 52.0748
62 41.9834 49.961
38 30.0576 46.1776
49 33.2438 45.6243
38 35.4219 43.6923
32 38.3005 44.1861
34 39.44 44.271
37 44.8999 47.4375
44 44.4966 46.5836
41 49.7565 48.9868
60 54.7716 53.4201
58 60.579 55.3206
59 62.5109 58.058
67 62.6147 61.0294
71 69.7224 68.7149
66 63.3318 67.4376
64 65.1099 72.7524
64 67.3061 75.1162
54 67.254 77.6287
60 68.9618 79.9851
56 67.7026 83.7705
64 80.5143 97.1117
108 94.001 109.373
103 99.038 116.297
109 104.447 124.322
119 110.938 128.031
129 119.626 129.782
130 129.721 137.407
144 133.167 136.597
168 140.975 138.586
174 154.614 140.304
217 210.003 169.903
311 192.084 244.884
234 110.72 137.218
157 79.2409 94.393
80 81.185 89.9716
101 82.463 95.7748
122 94.3354 96.7909
93 92.7753 95.4798
53 58.289 65.9242
36 29.4492 37.6698
25 18.5689 30.3127
16 15.6095 22.6659
15 15.5513 29.3594
18 12.0937 20.3456
9 10.2761 12.5298
3 10.9501 12.7291
19 13.3274 13.8796
3 8.0399 10.8267
4 9.4735 12.8542
17 5.1852 12.8255
13 7.17375 15.9094
4 5.79865 21.5144
12 9.7569 21.8497
3 14.1425 22.6643
25 16.79 24.364
18 25.3096 30.2928
33 37.4383 38.7548
34.5384615384615 39.0196 40.6776
36.0769230769231 40.6009 42.6003
37.6153846153846 42.1822 44.5231
39.1538461538462 43.7634 46.4458
40.6923076923077 45.3447 48.3686
42.2307692307692 46.926 50.2913
43.7692307692308 48.5073 52.2141
45.3076923076923 50.0886 54.1369
46.8461538461538 51.6699 56.0596
48.3846153846154 53.2512 57.9824
49.9230769230769 54.8325 59.9051
51.4615384615385 56.4138 61.8279
53 57.9951 63.7507
76 62.4683 68.0787
60 68.7289 72.9366
66 69.4585 76.9573
74 70.9574 78.129
69 73.6292 78.9186
59 78.8545 77.9736
55 75.8452 80.4514
63 73.0816 81.859
47 71.8337 83.8201
58 89.3082 88.5294
71 123.014 114.008
76 119.207 117.216
76 111.024 126.768
93 97.3978 114.485
114 94.9129 113.999
81 100.903 115.791
85 103.986 114.226
93 99.6665 113.208
85 104.462 115.558
84 104.053 113.529
87 104.993 119.817
90 105.612 123.227
107 124.651 145.819
117 130.163 150.657
146 140.215 166.958
253 143.47 173.869
252 164.028 177.686
199 142.241 167.146
187 128.439 164.444
165 127.541 157.133
147 121.545 156.779
148 115.636 154.394
132 103.457 145.114
96 115.737 135.615
39 97.7476 107.441
64 88.5 99.2323
49 78.1917 99.3479
48 70.4083 105.419
38 72.3668 102.718
37 68.3462 99.4286
38 71.0204 96.4242
36 64.662 87.7372
40 60.0183 82.4997
32 58.0959 69.0198
30 55.67 61.7834
24 60.1434 55.6785
49 45.7167 48.9149
32 42.8457 44.6837
28 54.1494 48.6541
40 50.7342 47.3073
20 44.6242 46.791
48 33.9723 55.2504
25 33.1867 49.6811
54 29.2017 45.5047
40 43.5762 46.2339
26 58.7334 47.4585
35 67.6989 77.8394
69 66.3722 81.7816
92 75.7036 80.6451
108 81.6806 78.3747
100 79.0997 75.3017
96 76.7827 73.9801
92 74.4657 72.6585
88 72.1487 71.3368
84 69.8318 70.0152
80 67.5148 68.6936
76 65.1978 67.372
72 62.8808 66.0504
68 60.5638 64.7287
64 58.2469 63.4071
60 55.9299 62.0855
56 53.6129 60.7639
52 49.931 52.851
43 28.678 30.9615
14 18.687 29.1376
20 28.535 36.7743
18 30.5421 34.3855
21 32.7229 38.632
47 47.1107 44.5298
39 42.7648 51.8539
42 51.744 59.5914
40 85.0217 76.2321
63 87.3792 97.2151
70 83.2308 108.527
60 83.3652 95.1597
79 83.3252 86.9731
72 86.6208 82.1431
61 79.8362 72.4851
74 75.4447 65.9104
68 85.8669 71.067
64 77.6002 68.9752
68 86.1332 76.0276
39 41.0884 44.6877
27 43.2245 47.0755
32 50.8998 51.8854
47 48.8564 50.4377
37 42.8321 44.057
44 31.4773 33.8933
30 20.2079 21.8907
23 17.3191 18.4267
19 12.4713 13.6345
23 14.7123 15.4518
13 11.4557 12.123
14 12.4177 12.6728
9 13.9368 14.3567
16 19.9743 20.8606
26 27.5431 27.2573
31 30.6523 32.3051
26 38.0893 38.8332
25 36.3665 37.2777
28 38.6289 39.7916
32 38.6807 42.3792
54 44.9491 50.1188
66 58.1107 67.6923
91 73.0651 77.8414
89 78.711 75.7152
75 80.8006 75.609
72 73.7076 71.2779
68 79.6931 73.5335
83 80.1555 73.7913
81 71.7063 67.8203
64 71.1027 68.5891
60 65.5265 65.0879
68 67.21 67.1265
61 65.4356 65.0171
68 63.0833 63.5733
61 61.5041 62.3382
64 66.3966 68.1811
78 72.9681 74.3655
80 81.8788 83.6735
82 93.3496 96.6659
97 104.742 107.418
114 117.009 119.047
121 128.431 133.922
127 132.369 133.09
144 132.005 132.367
144 129.855 126.001
131 130.264 127.36
140 125.901 120.295
137 123.429 115.062
133 124.368 119.802
126 130.678 126.591
123 132.661 127.123
141 138.251 131.594
126 144.952 139.79
137 142.623 140.423
144 149.732 147.88
143 152.651 154.028
155 151.657 155.684
101 136.518 127.31
85 122.965 113.216
87 111.955 104.334
85 103.825 98.5099
88 106.147 104.017
98 116.107 117.571
99 123.167 123.692
103 123.236 118.617
123 117.525 110.717
125 115.524 109.037
117 111.811 105.864
114 113.725 108.431
118 115.68 110.155
124 117.448 111.701
119 121.162 116.264
127 123.505 119.628
123 133.632 127.902
128 139.348 135.748
139 146.203 143.193
132 151.644 150.377
143 153.474 153.298
147 146.582 141.851
109 131.552 119.587
75 118.283 109.985
65 103.638 97.7509
64 85.8773 82.5644
58 73.6426 69.4153
71 74.738 72.6485
99 83.4664 84.2183
89 95.2615 101.855
156 166.906 166.524
166 171.201 170.806
172 186.539 185.462
170 192.136 187.81
183 186.485 180.073
183 183.76 176.069
178 185.494 177.826
178 189.103 182.262
171 194.136 187.576
182 197.896 192.613
197 199.649 191.209
212 196.778 185.728
215 189.545 177.767
195 180.3 170.353
172 178.706 173.545
174 182.652 180.173
187 181.514 175.905
185 178.628 167.657
176 178.162 168.29
170 180.803 173.229
156 183.47 175.62
160 180.738 171.994
163 176.31 169.109
158 162.428 155.609
143 152.436 148.248
145 156.701 148.248
156 139.944 131.251
147 124.799 117.87
138.333333333333 117.777 110.674
129.666666666667 110.687 103.318
121 103.733 96.2809
112.333333333333 96.7383 89.1482
103.666666666667 89.8385 82.2384
95 87.5042 80.3103
86.3333333333333 87.6062 80.1351
77.6666666666667 87.844 80.2783
69 90.0467 83.2911
94 92.93 85.862
101 92.197 85.6051
103 93.0707 87.8585
98 90.3025 87.6464
101 86.0549 85.102
76 77.3175 74.4419
70 70.0235 65.6444
73 64.0902 62.3744
44 68.6066 68.932
49 65.6519 64.48
50.5 47.0466 42.6847
52 43.916 38.9266
43 43.1724 39.1356
29 39.4933 36.9522
36 39.7933 37.6314
32 39.3653 37.8488
33 37.5085 35.9248
49 38.3204 36.2446
37 42.4292 38.9071
42 42.7986 40.4493
29 50.005 46.7891
44 49.6363 48.4362
32 48.0807 46.0945
35 46.0857 43.6368
33 43.8091 41.7488
42 43.4244 41.9878
45 44.2675 42.554
33 45.6925 43.7462
37 45.9717 44.8411
32 44.7684 44.7555
37 45.1588 44.3711
47 48.707 50.5352
48 45.8325 47.9864
44 41.8423 43.5266
39 32.9496 35.3029
17 28.4905 30.4684
21 26.914 26.6258
32 24.6305 24.8128
32 27.4957 27.6615
29 30.737 30.8721
25 33.4138 33.6208
13 32.087 32.5827
13 23.8456 23.3048
10 17.3049 15.7584
7 16.0515 14.06
11 14.734 11.2251
11 13.4561 10.1745
3 12.5274 8.46118
8.5 10.574 6.78817
14 10.5528 7.15847
13 11.0031 8.07512
10 12.3666 9.48045
11 11.4509 7.82463
12 11.2985 9.42762
6 14.1379 11.3863
4 15.6332 12.7795
24 17.3055 14.9674
3 18.132 16.156
11 20.4326 19.481
19 22.7333 22.806
27 25.0339 26.131
35 27.3346 29.456
43 30.9978 33.2807
42 36.0263 35.8299
43 42.2447 41.4661
48 49.2751 50.5589
72 60.4277 64.0787
80 66.6101 67.0852
67 65.1383 62.5372
45 58.01 51.7213
37 52.6177 45.6323
30 46.8752 42.4986
33 41.094 38.3779
35 40.6213 39.5145
29 42.6104 40.1564
39 44.2626 41.1543
44 43.6818 41.2321
45 45.5722 43.2822
49 46.4101 43.5967
44 51.19 48.7492
44 55.4911 54.0678
54 59.5631 62.3234
58 63.4927 67.5258
73 64.5566 66.9901
64 67.9637 68.6749
65 69.7763 69.8272
62 70.1484 70.8495
67 70.6915 70.4305
75 71.7679 70.9239
72 74.1921 73.8816
78 78.6932 78.5761
75 90.1051 88.5051
77 94.4162 93.067
94 102.034 99.5106
97 104.611 102.191
95 107.346 107.602
96 109.105 111.19
106 112.279 114.919
112 111.057 114.826
108 108.65 112.604
109 106.441 111.89
49 95.431 104.678
15 56.6977 66.4259
20 27.3561 27.3573
20 18.0057 13.7539
24 21.9275 19.0712
23 27.1524 27.0166
31 28.7608 28.0678
22 23.676 22.6256
16 23.7797 22.1529
28 22.5123 21.8335
18 21.0758 21.1048
20 18.0322 17.904
17 18.2263 17.8723
16 17.5744 17.0102
14 19.5214 19.2324
21 21.609 21.1274
27 22.9439 23.1401
20 21.5182 21.512
15 19.7577 19.5852
22 17.9524 17.6173
14 17.773 17.3483
18 16.7884 16.3788
18 18.1104 17.8383
18 15.3957 15.1914
11 14.0368 14.265
15 14.1136 13.9541
13 16.3332 16.2001
15 16.0226 16.1604
16 15.5894 15.4791
15 16.5337 16.756
18 17.1047 16.5134
20 16.5998 15.3587
20 18.2038 17.7467
13 17.3714 17.4861
16 17.4445 17.5435
17 20.7994 20.9685
207 160.966 172.72
197 169.306 180.299
212 180.193 190.374
174 169.164 177.926
167 142.899 149.611
146 122.98 125.922
113 109.899 109.821
98 108.064 107.026
101.6 110.467 108.887
105.2 112.87 110.749
108.8 115.272 112.61
112.4 117.675 114.471
116 120.078 116.333
119.6 122.481 118.194
123.2 124.884 120.056
126.8 127.287 121.917
130.4 129.69 123.778
134 132.093 125.64
137.6 134.495 127.501
141.2 136.898 129.362
144.8 139.301 131.224
148.4 141.704 133.085
152 144.107 134.947
155.6 146.51 136.808
159.2 148.913 138.669
162.8 151.316 140.531
166.4 153.718 142.392
170 156.121 144.253
129 136.436 131.208
133 125.95 119.799
135 115.443 105.18
95 92.7325 89.3999
78 77.1186 77.8069
40 59.6642 65.2286
46 64.2686 80.4535
65 73.0833 90.2559
68 70.5421 82.977
34 42.0606 50.4874
5 15.7683 15.0934
12 15.0556 14.7266
20 19.0957 17.2802
14 19.7988 17.5352
16 18.4985 17.9044
11 13.5669 13.2212
10 12.0696 11.1483
10 12.7217 11.4748
6 13.0949 12.2082
8 13.8704 12.1068
10 11.9942 10.7569
9 12.2859 11.1517
3 13.1665 12.2749
8 10.5755 10.8382
12 12.6541 12.6636
8 14.6052 14.4093
17 15.5385 15.8366
21 15.531 15.8591
12 14.1273 13.6487
17 13.7674 13.4502
10 12.9945 12.8416
15 11.5013 11.521
13 10.8058 10.5211
6 10.3334 10.2059
8 11.3116 11.2615
6 11.077 10.6156
15 11.1242 10.8207
12 10.7819 10.6648
14 14.6977 14.6411
3 13.9584 13.6627
10 13.5209 13.268
18 14.2432 14.0593
12 15.5322 15.5759
13 17.8676 18.6573
17 20.1644 20.8251
25 21.9844 22.06
25 23.3092 24.3477
22 26.3649 26.4953
30 29.5901 30.9774
20 31.1597 33.4834
19 27.2194 27.6027
25 28.6804 28.9846
31 30.1414 30.3666
33 33.109 32.5056
38 35.9294 36.0037
40 42.4371 41.9116
39 46.4586 47.3576
45 52.2105 51.7525
46 53.0497 53.0977
46 53.7767 54.3673
34 53.5692 55.2357
39 53.3312 56.3336
37 51.9812 55.8404
33 53.6623 57.2898
38 50.735 56.1348
36 51.2268 56.7762
47 52.9728 59.148
53 54.6037 55.2336
65 55.6446 56.2847
68 51.4902 51.2724
59 44.9386 45.7288
59 40.3613 43.8847
65 36.4406 43.626
60 35.2324 40.7452
47 35.7343 39.3972
34 39.7624 42.3424
38 40.9592 43.0627
41 46.6027 47.6621
38 47.4339 48.2838
28 50.1431 49.7067
23 54.0274 53.3202
32 56.8471 54.3846
40 57.6249 55.5284
52 57.4451 56.6454
32 64.6124 64.047
47 58.9447 60.7149
47 61.9057 65.2676
56 62.077 65.5198
51 62.7887 67.3891
66 63.7017 68.5941
72 64.3337 71.4966
59 76.7408 84.1263
97 88.7046 95.5202
109 97.6636 105.307
115 107.863 116.649
129 113.482 121.012
125 122.984 127.36
140 135.556 138.772
153 136.433 137.736
139 138.861 137.548
133 146.2 139.507
169 215.867 197.316
188 201.665 225.159
73 93.9294 105.861
105 86.2458 92.9499
98.75 83.5495 87.3822
92.5 88.9063 94.7811
86.25 89.1583 90.1601
80 82.7176 83.8643
58 52.5557 55.9563
22 30.3181 33.9914
16 23.8134 29.068
11 18.6435 21.7951
11 27.1138 33.2704
5 19.6883 23.3597
6 11.1095 12.1126
14 9.65058 10.4449
4 11.9387 12.1733
4 8.71041 9.95468
17 10.9428 12.4442
8 9.5173 12.9394
9 11.1927 15.1121
3 14.487 21.5167
3 15.2839 20.6911
7 17.4534 21.2497
10 18.2992 21.6704
21 23.2279 25.4356
30 27.231 27.8078
38.3333333333333 29.4729 30.1988
46.6666666666667 31.7148 32.5898
55 33.9567 34.9808
63.3333333333333 36.1986 37.3718
71.6666666666667 38.4405 39.7627
80 40.6824 42.1537
88.3333333333333 42.9243 44.5447
96.6666666666667 45.1662 46.9357
105 47.4081 49.3266
113.333333333333 49.65 51.7176
121.666666666667 51.8919 54.1086
130 54.1338 56.4996
138.333333333333 56.3757 58.8906
146.666666666667 58.2861 60.7431
155 62.4886 64.3209
106 65.2971 68.6004
82 66.254 69.4123
60 69.586 71.8847
38 48.1033 49.3177
46 51.3464 52.6512
55 57.5521 57.9062
58 55.8751 56.4277
41 48.4959 48.9276
35 37.4863 38.3113
30 23.1656 23.7335
22 18.6052 18.9724
24 13.9401 14.328
18 15.5526 15.7955
13 12.7113 12.9353
11 13.2806 13.3682
16 15.4198 15.5648
23 22.2257 22.5286
37 29.7896 29.7055
41 34.8196 35.3824
49 42.0324 42.293
50 41.3621 41.6851
23 44.4952 44.9079
40 46.9694 48.231
40 54.8203 56.5722
61 71.0875 74.2969
80 81.8513 83.4529
91 81.4719 80.4895
77 80.9869 79.267
73 75.4779 74.6709
61 78.6311 76.5793
69 79.1434 77.028
80 72.4523 71.1594
69 73.0413 72.208
68 69.5234 69.3879
76 71.5511 71.5331
75 69.8215 69.6939
63 68.9075 69.0897
67 67.7662 68.064
73.5 73.425 74.0379
80 80.0267 80.5123
89 90.2714 90.8952
117 103.765 104.898
129 115.709 116.632
149 128.216 128.925
155 141.653 143.498
163 142.373 142.637
162 140.949 141.091
154 134.935 133.671
157 136.012 135.062
138 129.434 127.584
128 124.396 121.626
119 128.046 126.538
124 135.169 133.822
136 136.911 135.085
141 142.107 139.914
134 150.194 148.498
142 150.678 149.97
143 158.685 158.096
159 163.668 164.147
148 162.426 163.768
95 134.427 131.359
87 119.598 116.35
84 110.664 108.131
84 105.106 103.346
104 110.217 109.517
118 123.707 124.202
127 129.598 129.778
142 124.539 123.002
139 117.17 114.906
124 116.006 113.854
118 113.033 111.062
120 115.638 113.882
124 117.74 115.91
128 119.829 117.928
129 124.115 122.493
128 127.557 126.274
130 136.948 135.05
133 144.576 143.388
139 152.906 151.919
146 158.825 158.408
148 159.58 159.513
155 146.957 145.366
91 126.127 122.135
78 114.609 111.833
74 101.316 99.341
64 86.4556 85.3441
62 74.7226 73.3248
82 79.084 78.4069
104 89.3713 89.6315
92 103.819 105.994
69 96.2094 97.2662
69 92.4881 92.2322
70 87.2812 86.0373
70 80.373 77.8902
71 77.5944 75.2548
65 76.2401 73.8475
65 78.7413 76.4743
71 81.0761 79.5135
79 83.5941 82.9896
84 84.7777 83.8312
88 89.6135 89.0084
94 100.874 100.78
91 110.898 110.887
102 113.693 113.862
107 117.493 118.207
117 122.633 123.038
112 123.03 123.253
119 123.228 123.289
119 125.418 124.578
132 130.94 130.157
143 137.706 137.273
148 144.638 144.841
159 151.426 151.097
163 158.944 158.755
162 155.968 153.995
136 145.168 141.446
118 134.358 130.079
103 120.791 116.532
98 117.784 113.642
96 118.668 115.205
101 121.889 118.422
103.5 126.421 122.91
106 129.065 125.765
54 121.706 120.678
44 71.6022 69.4363
25 46.8942 42.4807
27 40.4207 38.0664
34 47.0201 45.3535
62 85.8272 83.8578
64 108.707 107.095
66 109.57 109.258
56 85.4647 85.9009
41 54.599 55.8258
34 46.024 48.6448
27 28.8886 29.193
31 27.5157 27.7137
31 26.9349 27.573
28 27.721 28.723
35 28.5626 29.2324
41 29.1303 29.8232
31 29.5924 30.4935
26 35.0622 36.0842
34 39.343 40.7587
38 42.3671 44.9847
29 50.8568 55.8682
26 50.3537 55.2433
29 39.4231 41.6133
34 47.7883 51.7567
30 56.1848 61.1579
38 75.7542 80.745
44 98.4996 104.978
56 117.611 124.226
75 137.928 142.555
104 150.018 154.497
110 158.569 162.278
82 142.393 144.231
63 118.431 117.593
61 101.472 102.362
66 96.6502 98.9076
71 104.339 104.807
65 90.5728 92.9145
71 93.5122 96.2421
69 100.466 104.108
73 112.44 117.067
68 117.803 121.779
68 115.401 117.005
72 117.338 119.608
79 119.893 121.978
96 124.442 126.704
104 127.317 129.313
108 129.812 131.574
116 131.816 133.803
121 136.179 138.236
121 143.5 145.125
295 152.473 154.295
143 168.71 169.192
126 170.152 170.452
206 182.326 186.87
212.5 190.798 195.056
219 201.999 205.95
187 189.284 192.688
161.333333333333 158.493 161.097
135.666666666667 134.296 135.457
110 118.333 118.336
112 116.799 116.442
114.1 118.875 118.312
116.2 120.952 120.182
118.3 123.028 122.052
120.4 125.105 123.922
122.5 127.181 125.792
124.6 129.258 127.662
126.7 131.334 129.532
128.8 133.411 131.402
130.9 135.487 133.272
133 137.564 135.142
135.1 139.641 137.011
137.2 141.717 138.881
139.3 143.794 140.751
141.4 145.87 142.621
143.5 147.947 144.491
145.6 150.023 146.361
147.7 152.1 148.231
149.8 154.176 150.101
151.9 156.253 151.971
154 158.329 153.841
137 142.492 140.525
142 129.372 127.045
130 114.542 110.643
114 95.559 94.3026
98 84.2262 84.518
46 71.799 73.9589
50 83.3015 89.5008
83 93.282 99.8555
134 88.0607 92.8348
75.5 56.0313 59.2832
17 19.6921 19.4617
12 15.6889 15.5663
16.5 17.951 17.2544
21 18.5905 17.7253
15 18.8622 18.637
13 14.1466 14.017
7 11.8902 11.5409
11 12.1718 11.6975
10 12.8033 12.4673
7 13.3758 12.7102
10 11.8307 11.3632
11 12.1031 11.6732
12 13.2236 12.8865
13 11.9867 12.0915
11 13.3943 13.4001
13 15.5433 15.4727
13 16.8084 16.926
16 17.1118 17.2427
15 15.211 15.0365
15 14.7769 14.6616
14 14.134 14.0812
17 12.694 12.7073
13 11.559 11.4552
10 11.1144 11.0702
12 12.0985 12.0828
10 11.6278 11.4564
12 11.7389 11.6275
11 11.6066 11.5669
18 15.6999 15.6831
14 14.8904 14.7831
11 14.4691 14.379
11 15.35 15.2857
15 16.8741 16.898
19 19.5316 19.8376
16 22.1302 22.3901
22 23.7217 23.7574
26 25.6497 26.0524
26 28.4294 28.489
27.5 32.313 32.8483
29 35.0985 35.994
33 30.269 30.4283
35.5 32.0757 32.2072
38 33.8824 33.9862
39 37.3301 37.1263
41 39.8547 39.9042
51 45.8146 45.6346
52 51.1647 51.5287
60 56.4316 56.28
68 58.1857 58.2297
69 75.376 75.2708
71.5 80.383 81.1009
74 82.9006 84.2441
70 77.879 79.7463
79 83.147 83.0607
104 99.1576 97.877
124 113.751 113.465
131 123.98 126.391
121 111.774 114.4
120 111.604 114.536
140 112.075 114.383
135 113.319 114.898
134 112.949 115.031
112 115.824 117.527
80 112.495 113.955
79 119.476 121.757
109 122.125 124.832
116 138.482 141.762
127 145.723 148.895
130 161.997 166.123
134 171.269 175.944
143 187.277 189.317
159 173.543 177.315
161 171.052 176.516
152 163.102 167.589
148 160.531 165.901
139 155.011 160.952
141 143.383 149.788
121 124.214 127.334
114.571428571429 97.5511 99.1054
108.142857142857 88.4265 90.1384
101.714285714286 91.1806 94.4686
95.2857142857143 95.8711 101.288
88.8571428571429 95.9326 100.62
82.4285714285714 92.859 97.6546
76 89.6635 93.5905
69.5714285714286 83.0569 86.6191
63.1428571428571 77.4663 80.9401
56.7142857142857 63.8048 65.5086
50.2857142857143 55.8419 56.8157
43.8571428571429 51.2361 50.5859
37.4285714285714 52.614 53.0936
31 49.244 49.5043
26 57.3419 56.4564
29 53.4024 52.8442
32 51.7238 52.0299
35 58.6769 61.9178
33 54.0123 56.5137
32 46.895 49.3797
27 43.4634 43.8968
40 40.9056 39.2404
128 71.0079 72.6041
98 79.9748 82.3453
89 84.517 85.2623
86 84.3737 83.8437
84 80.6351 80.0305
79.4545454545455 78.5289 78.0808
74.9090909090909 76.4227 76.1312
70.3636363636364 74.3164 74.1816
65.8181818181818 72.2102 72.232
61.2727272727273 70.104 70.2823
56.7272727272727 67.9977 68.3327
52.1818181818182 65.8915 66.3831
47.6363636363636 63.7853 64.4335
43.0909090909091 61.6791 62.4838
38.5454545454545 59.5728 60.5342
34 57.4666 58.5846
44 47.4601 47.9439
25 29.7595 30.1211
20 28.2278 29.8343
19 37.0222 38.2784
28 35.1775 35.7649
36 39.6519 40.5541
44 45.8884 45.485
43 51.6508 53.0397
56 55.9307 57.156
69 66.3585 65.0722
186 91.7441 93.2729
173 106.015 109.894
124 98.7178 100.505
119 93.9122 94.437
119 92.3309 91.5915
98 82.5126 81.3323
76 72.6094 71.1128
83 79.7195 77.4046
85 73.4707 72.1288
88 81.6627 80.0904
54 66.9312 65.951
69 64.3408 63.8623
66 64.5241 64.0874
83 65.3258 65.2263
84 65.7687 66.2609
78 67.5524 68.6639
75 71.1998 72.4808
95 70.4176 72.5254
77 71.8896 73.7448
54 68.939 71.1469
44 71.8312 74.0221
47 79.9005 81.0171
51 78.2143 78.9799
59 83.0125 83.9011
75 91.437 93.7627
81.5 90.7736 94.0083
88 86.0338 88.505
67 79.112 80.8042
60.5 68.8286 69.2245
54 58.5452 57.6447
65 52.3065 52.432
54 58.5086 60.0851
64 67.448 69.5904
75 77.3929 79.1054
89 89.8943 91.8595
103 96.981 98.1985
113 92.5956 93.6586
118 91.5077 92.1615
114 84.4339 85.5065
116 87.3116 88.6764
111 89.8073 91.463
109 91.8238 94.0193
113 93.7049 95.7119
104 93.6709 96.01
96 96.8383 99.3753
102 110.037 112.817
111 126.036 128.553
120 135.517 138.188
134 141.871 144.831
164 147.209 150.026
149 147.878 149.013
134 143.371 143.639
96 123.983 123.819
100 110.619 110.12
85 96.8738 96.6753
84.5 94.7193 94.1744
84 91.0164 90.5284
80 91.5752 90.6049
74 81.4069 80.2352
61 69.8903 68.1538
51 65.6504 64.3383
53 69.348 67.9084
59 65.0373 63.8826
59 67.7614 67.1438
64 71.781 71.7732
74 77.4662 77.7659
105 80.1534 80.7217
96 84.8482 85.6577
88 90.114 90.8454
83 100.629 101.581
93 111.027 111.999
98 124.482 125.46
108 137.906 137.462
104 132.274 132.605
115 136.488 136.042
118 134.109 133.772
118 137.49 136.883
115 134.04 132.979
109 107.982 107.735
69 83.6261 84.1328
37 44.5234 43.6476
49 45.017 45.2164
52 51.7651 52.9377
56 51.1009 52.0298
53 44.8287 44.6598
39 46.6203 46.6824
39 45.6805 45.4969
42 38.9341 37.5853
37 35.7294 34.319
31 40.3559 39.8456
33 39.3642 38.9552
36 39.8694 39.1774
38 44.1576 43.6589
46 45.5884 45.3084
47 49.0763 48.9933
42 49.3263 49.1432
42.3333333333333 46.5713 46.484
