94 83.1807 90.2919
77 85.8445 84.3788
89 85.705 77.8636
110 86.5057 70.4286
116 83.59 68.3071
109 82.472 66.877
108 84.9438 70.1823
101 84.0717 74.0587
100 82.4564 78.501
110 86.101 79.9895
109 89.2605 85.2992
99 96.2675 95.7005
99 106.167 106.237
109 107.578 109.069
103 108.334 113.44
107 114.28 117.402
107 114.366 116.242
106 113.216 114.103
121 121.076 116.043
111 124.965 120.591
123 130.814 128.679
142 132.176 134.398
145 141.735 140.17
151 145.302 144.892
163 148.588 136.582
172 146.583 122.862
171 139.274 111.532
176 128.308 100.736
178 127.085 100.2
170 126.001 103.612
181 130.159 107.725
170 135.139 112.369
174 137.144 115.755
136 119.261 112.51
31 90.1664 75.0267
18 80.7663 50.7942
20 55.967 40.0161
42 51.1245 40.4124
85 83.2946 70.9264
111 106.527 96.7688
93 105.482 103.192
66 80.4986 83.0295
38 48.8361 56.6329
32 31.2983 48.4409
22 27.0244 28.9858
22 24.4526 25.8219
22 22.3445 26.5008
19 21.1072 27.7962
33 24.8262 29.0952
26 25.8671 30.2624
31 26.5464 32.1722
37 30.4613 36.9804
48 31.0269 40.1588
46 28.3594 45.2898
44 23.8924 56.5518
58 26.0219 57.6609
45 31.4438 45.3779
45 29.9341 55.4
52 32.9027 65.137
37 51.1519 83.5238
47 68.1128 109.629
82 83.814 126.617
105 107.678 138.118
112 114.463 144.34
134 121.239 145.668
117 113.891 125.911
65 107.484 102.067
65 83.9009 90.0339
75 72.3386 87.6447
71 88.5546 91.8375
64 70.8236 86.4359
62 74.1018 92.0137
65 76.9274 100.781
75 81.1462 111.41
113 86.962 113.176
136 102.568 112.813
131 96.4777 111.446
123 100.843 114.67
121 103.754 118.792
116 107.244 120.601
110 110.349 122.411
121 111.116 124.572
115 114.569 128.717
123 124.08 135.245
143 133.229 145.61
151 154.913 158.139
160 156.781 159.307
14 26.4978 19.7906
14 27.2627 20.6116
10 26.9506 18.7534
15 23.7112 19.3186
18 27.5297 21.2321
19 28.7962 22.1741
18 26.3609 21.0606
16 24.011 19.4571
20.8 24.1483 21.878
25.6 24.2856 24.2988
30.4 24.4229 26.7197
35.2 24.5602 29.1405
40 26.2588 31.0806
45 35.9618 35.5075
40 45.4439 43.8933
46 50.6602 53.5067
58 54.5905 62.6078
77 60.156 61.472
80 60.6321 55.6035
46 58.875 45.729
38 57.2215 42.6089
33 50.4336 41.3416
33 44.9346 39.3381
36 42.2632 40.2032
32 45.7679 40.7245
33 47.7186 41.3632
34 47.1262 42.1489
38 49.2168 44.7056
31 51.1333 45.4379
39 55.4016 50.4758
52 58.7395 55.9166
51 58.9938 65.1503
52 61.2239 70.1693
58 64.9541 70.4236
57 68.3998 70.2196
62 70.378 70.9059
64 68.4256 70.3009
63 71.6122 71.4917
63 73.8493 72.4363
66 75.2657 74.772
73 80.4519 80.5079
83 93.7118 90.7508
85 101.473 99.1676
101 109.187 104.134
95 112.104 107.28
101 111.429 112.389
107 111.882 116.661
102 115.027 121.227
94 114.341 123.26
90 116.504 125.707
88 114.124 126.308
58 102.602 122.399
12 70.8877 91.2788
20 48.6251 48.7723
25 36.8432 27.3901
30 29.8827 23.5822
29 26.134 25.9548
31 28.8373 27.6303
22 26.0195 23.9228
19 26.0637 22.5162
24 23.145 21.7658
26 20.4671 20.5541
24 19.5228 19.3571
16 18.649 17.9207
18 18.2998 17.246
18 18.9493 18.464
17 21.1405 20.1797
25 21.7797 22.412
17 21.4594 21.5152
17 20.5952 20.4534
16 18.7514 18.1121
16 18.1906 17.3782
18 17.1674 16.2327
16 17.717 17.2175
14 15.9252 15.505
13 14.1504 14.6689
12 14.4041 14.1576
14 16.5405 16.4062
13 16.0022 16.3436
17 16.0652 15.8699
18 15.8075 16.2495
12 17.0561 15.9707
8 17.916 15.2377
20 18.5543 17.6204
18 17.347 17.6431
19 18.2488 18.5066
21 20.2015 20.7189
189 154.08 180.485
194 162.267 187.658
187 175.74 199.198
179 169.926 189.052
153 139.641 155.024
137 126.017 131.864
109 120.635 118.559
105 117.473 115.036
108.65 120.133 116.565
112.3 122.792 118.095
115.95 125.451 119.624
119.6 128.11 121.154
123.25 130.769 122.683
126.9 133.429 124.213
130.55 136.088 125.742
134.2 138.747 127.272
137.85 141.406 128.801
141.5 144.066 130.331
145.15 146.725 131.86
148.8 149.384 133.389
152.45 152.043 134.919
156.1 154.703 136.448
159.75 157.362 137.978
163.4 160.021 139.507
167.05 162.68 141.037
170.7 165.34 142.566
174.35 167.999 144.096
178 170.658 145.625
144 144.711 134.292
96 130.83 118.131
117 123.04 101.367
114 99.5144 90.4996
91 84.2452 84.7452
39 69.7311 80.589
42 56.5194 91.4752
30 62.6604 100.394
41 66.2305 93.8173
45 46.8795 65.3924
35 28.1834 25.7532
15 15.7128 14.9529
15 18.0832 14.2764
25 19.8969 15.1339
18 16.3542 15.7327
8 13.7 13.0471
10 12.3379 10.3211
7 13.2841 10.5128
5 12.826 10.9577
8 15.7214 11.712
6 13.4585 10.7631
6 13.2609 10.7017
6 13.7048 11.7917
9 12.1984 12.6486
5 12.54 12.5148
7 15.6903 15.1801
17 15.5986 16.348
14 16.5185 17.1605
11 14.7063 14.2554
17 14.7362 14.2565
12 14.0702 13.8927
10 12.7714 12.7588
11 11.9441 11.309
12 11.0084 10.8515
12 11.8033 11.6995
10 12.343 11.2674
7 11.8322 11.2094
14 11.6614 11.3391
13 15.2266 15.2192
11 15.0649 14.561
15 14.9728 14.3176
9 15.4532 15.1146
17 16.7363 16.7544
16 17.3076 18.9759
17 20.5392 22.0609
24 23.0924 23.2903
21 23.1626 25.4813
28 27.7055 27.8677
16 28.3299 31.3676
36 30.2659 35.4145
29 30.1217 30.9961
32.5 32.7149 33.3015
36 35.308 35.6069
32 42.1528 40.4172
31 41.5222 41.4477
39 46.483 45.4726
37 49.5112 51.4916
100 56.4598 55.7343
75 58.1644 58.4362
72 58.0761 59.526
63 56.6386 60.5017
56 55.9031 62.7883
52 54.9057 63.6807
58 57.2527 65.5912
61 53.0226 65.2394
59 54.8304 67.1998
46 55.8374 69.6288
69 67.357 68.7194
84 63.8924 65.4886
75 60.2528 60.0067
60 49.2329 51.1714
62 41.3783 49.3299
38 29.8761 45.9689
49 33.1386 45.3571
38 35.8269 43.9092
32 39.0298 44.7331
34 39.9034 44.7045
37 45.5807 48.0255
44 45.205 47.2621
41 50.7326 49.8263
60 55.6767 54.214
58 60.9922 55.7403
59 62.9723 58.4993
67 62.2733 60.8988
71 68.9249 68.3052
66 64.2305 68.2727
64 65.3268 72.8584
64 67.3979 75.067
54 67.4217 77.6732
60 69.2334 80.0635
56 67.4883 83.4494
64 78.363 95.3544
108 91.0766 107.072
103 98.9495 116.129
109 104.555 124.259
119 110.722 127.704
129 120.073 130.099
130 129.828 137.373
144 133.184 136.437
168 141.282 138.752
174 154.917 140.651
217 209.328 170.075
311 181.015 235.744
234 111.142 137.093
157 79.7253 94.6891
80 81.5347 90.1249
101 81.0082 94.7257
122 91.1059 94.2702
93 87.9196 91.9218
53 57.8108 65.5031
36 29.375 37.605
25 18.8917 30.7062
16 15.6216 22.7776
15 14.2006 28.6124
18 12.5455 20.7988
9 10.5238 12.8258
3 10.8888 12.6391
19 12.9729 13.6026
3 8.09084 10.966
4 8.68537 12.1571
17 5.44308 13.0172
13 7.16454 16.0013
4 6.09283 21.8045
12 10.9288 22.8839
3 13.9797 22.4442
25 17.1556 24.7302
18 25.6371 30.5683
33 37.9411 39.089
34.5384615384615 39.4266 40.9267
36.0769230769231 40.9121 42.7644
37.6153846153846 42.3976 44.6021
39.1538461538462 43.8831 46.4397
40.6923076923077 45.3685 48.2774
42.2307692307692 46.854 50.1151
43.7692307692308 48.3395 51.9528
45.3076923076923 49.825 53.7905
46.8461538461538 51.3104 55.6281
48.3846153846154 52.7959 57.4658
49.9230769230769 54.2814 59.3035
51.4615384615385 55.7669 61.1412
53 57.2523 62.9789
76 61.9693 67.4687
60 65.8562 70.6649
66 68.6058 76.1169
74 70.6324 77.6323
69 73.067 78.2255
59 78.8781 77.9844
55 75.9101 80.4668
63 73.1923 81.8756
47 71.9356 83.8349
58 89.3289 88.5353
71 122.971 114.023
76 119.312 117.247
76 111.065 126.775
93 97.4774 114.489
114 95.0397 114
81 101.057 115.775
85 104.099 114.215
93 99.7637 113.213
85 104.542 115.562
84 104.112 113.529
87 105.094 119.817
90 105.74 123.231
107 124.796 145.824
117 130.326 150.655
146 140.391 166.952
253 143.654 173.868
252 164.147 177.671
199 142.386 167.147
187 128.587 164.459
165 127.668 157.141
147 121.716 156.782
148 115.853 154.402
132 103.705 145.129
96 115.827 135.629
39 97.8283 107.458
64 88.5922 99.2477
49 78.3429 99.3575
48 70.6028 105.433
38 72.5288 102.727
37 68.4941 99.4398
38 71.1425 96.4338
36 64.7716 87.7443
40 60.1253 82.5053
32 58.1673 69.0247
30 55.7214 61.7866
24 60.1431 55.6818
49 45.7537 48.9152
32 42.8788 44.6809
28 54.1479 48.6431
40 50.728 47.3012
20 44.623 46.7914
48 33.9984 55.2656
25 33.2384 49.6957
54 29.2711 45.5132
40 43.6032 46.2318
26 58.7236 47.4471
35 67.8226 77.8473
69 66.5349 81.7917
92 75.7655 80.6417
108 81.685 78.369
100 79.0998 75.2952
96 76.7878 73.9739
92 74.4759 72.6525
88 72.164 71.3312
84 69.8521 70.0099
80 67.5402 68.6885
76 65.2283 67.3672
72 62.9164 66.0459
68 60.6044 64.7246
64 58.2925 63.4032
60 55.9806 62.0819
56 53.6687 60.7606
52 49.9635 52.8477
43 28.7242 30.9653
14 18.7784 29.1478
20 28.6346 36.788
18 30.6172 34.4014
21 32.8116 38.6461
47 47.1578 44.5411
39 42.8587 51.8651
42 51.8166 59.6045
40 84.9877 76.2426
63 87.4354 97.2131
70 83.3388 108.523
60 83.4195 95.155
79 83.3366 86.9697
72 86.5906 82.1412
61 79.8099 72.4873
74 75.418 65.9172
68 85.8082 71.0722
64 77.5778 68.9845
68 86.0945 76.0321
39 40.8633 44.455
27 42.8711 46.6751
32 50.8244 51.7615
47 49.1202 50.7342
37 43.176 44.4467
44 31.4421 33.924
30 20.346 22.044
23 17.2873 18.3932
19 12.1933 13.3444
23 14.4931 15.224
13 11.3175 11.9742
14 12.5224 12.7766
9 13.737 14.1868
16 20.0732 20.9814
26 27.4861 27.2299
31 30.7932 32.4681
26 38.1437 38.9242
25 36.4221 37.3224
28 38.4213 39.5659
32 38.8767 42.5668
54 45.8612 51.0284
66 58.4218 67.915
91 72.4002 77.1778
89 78.6216 75.723
75 80.9499 75.8025
72 73.9587 71.5466
68 80.1388 74.0497
83 79.8033 73.4437
81 72.1078 68.2362
64 71.508 69.0058
60 65.5426 65.101
68 67.2031 67.1501
61 65.2886 64.9028
68 63.2375 63.7333
61 61.8379 62.6893
64 66.7029 68.4908
78 73.2129 74.626
80 81.9604 83.7403
82 93.5852 96.9241
97 105.153 107.859
114 117.476 119.563
121 128.658 134.207
127 131.723 132.584
144 131.219 131.689
144 128.936 125.114
131 130.289 127.568
140 126.081 120.565
137 123.579 115.273
133 124.535 120.02
126 130.981 126.931
123 132.913 127.372
141 138.57 131.967
126 145.664 140.545
137 143.572 141.415
144 149.92 148.116
143 152.525 153.957
155 152.26 156.342
101 137.777 128.637
85 124.222 114.566
87 112.879 105.33
85 104.488 99.2179
88 106.81 104.773
98 116.667 118.208
99 123.052 123.7
103 122.448 117.911
123 117.01 110.24
125 115.79 109.359
117 112.06 106.17
114 113.936 108.708
118 115.939 110.418
124 117.373 111.67
119 121.12 116.323
127 123.391 119.601
123 133.544 127.951
128 139.174 135.724
139 146.408 143.509
132 152.101 150.942
143 153.899 153.805
147 146.655 141.887
109 133.14 121.158
75 119.553 111.313
65 104.99 99.1284
64 86.674 83.3649
58 74.2642 70.0751
71 75.1441 73.1306
99 83.1063 83.8907
89 96.0153 102.638
156 168.297 167.991
166 171.587 171.358
172 188.063 187.172
170 192.497 188.542
183 186.863 181.095
183 183.965 176.982
178 186.489 179.422
178 188.626 182.321
171 193.999 187.836
182 197.856 193.047
197 198.417 190.524
212 195.448 185.258
215 190.196 179.358
195 180.654 171.461
172 179.987 175.048
174 183.912 181.572
187 182.757 177.53
185 178.773 168.591
176 180.385 171.004
170 182.979 175.806
156 185.629 178.124
160 182.128 173.817
163 177.64 170.695
158 163.297 156.88
143 153.074 149.205
145 155.289 147.152
156 137.734 129.341
147 123.968 117.385
138.333333333333 117.491 110.765
129.666666666667 110.923 103.963
121 104.538 97.5258
112.333333333333 98.098 90.9791
103.666666666667 91.7869 84.6877
95 89.5301 82.7504
86.3333333333333 89.4467 82.3562
77.6666666666667 89.5472 82.3268
69 92.0532 85.5593
94 94.4785 87.794
101 93.7095 87.3947
103 93.2091 88.3053
98 90.5022 87.9416
101 84.7697 83.9972
76 76.043 73.5549
70 70.2372 66.2313
73 65.8577 64.1509
44 70.296 70.6315
49 66.0711 64.9816
50.5 48.3511 44.3789
52 44.7721 40.1074
43 44.2237 40.4661
29 40.4823 38.1062
36 40.3095 38.2381
32 39.4817 37.9401
33 37.7229 36.2368
49 38.4517 36.4025
37 42.6097 39.3212
42 42.432 40.2457
29 49.6969 46.7529
44 49.3778 48.2735
32 47.6833 45.782
35 46.6503 44.2883
33 44.2235 42.2407
42 43.6359 42.2381
45 44.286 42.6945
33 46.0324 44.1621
37 46.7723 45.7296
32 46.1429 46.1708
37 45.4949 44.7288
47 49.3744 51.1234
48 45.9449 48.0941
44 42.1153 43.7133
39 32.6436 34.8625
17 28.6975 30.6006
21 27.0166 26.7812
32 24.6423 24.7929
32 26.8375 27.033
29 30.4284 30.5554
25 33.0674 33.3583
13 32.112 32.8875
13 23.6492 23.4321
10 16.8822 15.6042
7 15.5757 13.8701
11 14.5348 11.1533
11 13.9753 10.7
3 13.2944 9.25656
8.5 11.2305 7.41345
14 10.7357 7.20664
13 10.445 7.58037
10 11.939 9.09362
11 11.081 7.56671
12 11.2459 9.36851
6 13.7112 11.0074
4 14.682 11.8401
24 16.9784 14.6882
3 17.5646 15.5841
11 19.9221 18.9177
19 22.2796 22.2513
27 24.6372 25.5849
35 26.9947 28.9185
43 30.0127 32.0291
42 35.7701 35.5048
43 42.2999 41.56
48 49.0627 50.207
72 59.7089 63.0522
80 66.2729 66.6952
67 66.0634 63.7423
45 58.4516 52.6502
37 53.4474 47.0324
30 47.3822 43.3711
33 41.5583 39.0731
35 41.321 40.3624
29 43.211 40.9614
39 45.0871 42.2633
44 44.2979 42.072
45 46.3052 44.2785
49 46.9295 44.3918
44 51.9189 49.701
44 55.8881 54.5741
54 59.5073 62.0693
58 63.406 67.1668
73 64.6387 66.8998
64 68.0424 68.7142
65 70.1302 70.2369
62 70.4061 71.0864
67 71.0339 70.8568
75 72.243 71.5075
72 74.1604 73.8173
78 79.108 78.9938
75 90.8924 89.4535
77 95.4987 94.3475
94 102.644 100.292
97 104.705 102.451
95 107.322 107.559
96 108.878 110.764
106 112.614 115.105
112 111.921 115.597
108 109.29 113.112
109 106.85 111.97
49 94.9222 103.361
15 56.9947 65.8108
20 28.3249 28.4322
20 17.4173 13.3639
24 21.8159 19.0729
23 26.6328 26.5042
31 29.0607 28.479
22 23.6283 22.6839
16 23.4165 21.842
28 22.6109 21.9741
18 20.9939 20.9903
20 18.2422 18.1429
17 18.149 17.8011
16 17.7165 17.2281
14 19.5879 19.3388
21 21.4802 21.0243
27 23.1845 23.4106
20 21.5832 21.5683
15 20.1901 20.0942
22 18.0001 17.6932
14 17.9115 17.5272
18 16.5662 16.1336
18 18.099 17.8484
18 15.2577 15.0497
11 14.0705 14.2691
15 14.1233 13.9941
13 16.4657 16.3782
15 16.136 16.2553
16 15.816 15.7024
15 16.3256 16.4888
18 17.2581 16.7549
20 16.3612 15.1743
20 18.1959 17.7601
13 17.3796 17.4776
16 17.39 17.4723
17 21.0344 21.215
207 158.544 170.111
197 166.253 177.348
212 178.042 188.249
174 169.88 178.167
167 141.779 148.414
146 124.454 126.853
113 114.937 113.82
98 108.435 107.177
101.6 110.829 109.058
105.2 113.222 110.938
108.8 115.615 112.819
112.4 118.009 114.7
116 120.402 116.58
119.6 122.795 118.461
123.2 125.189 120.342
126.8 127.582 122.222
130.4 129.975 124.103
134 132.369 125.984
137.6 134.762 127.864
141.2 137.155 129.745
144.8 139.549 131.626
148.4 141.942 133.507
152 144.335 135.387
155.6 146.728 137.268
159.2 149.122 139.149
162.8 151.515 141.029
166.4 153.908 142.91
170 156.302 144.791
129 136.15 131.237
133 125.031 119.103
135 114.405 104.472
95 95.539 91.3168
78 78.1531 78.2597
40 61.1574 65.9713
46 64.1269 79.7151
65 71.6769 88.4918
68 67.3282 79.6074
34 40.8474 49.1297
5 16.4924 15.4175
12 15.3929 15.0297
20 19.361 17.6107
14 19.9984 17.8197
16 17.7685 17.4447
11 13.6438 13.3213
10 12.1673 11.236
10 13.2601 11.9879
6 13.3261 12.4581
8 13.9381 12.1152
10 12.2862 11.0544
9 12.4157 11.2425
3 13.1721 12.2874
8 10.8176 11.0021
12 12.711 12.6729
8 14.9816 14.7256
17 15.721 16.027
21 15.6809 15.9437
12 13.7843 13.5593
17 13.4661 13.23
10 12.7564 12.6602
15 11.4751 11.4522
13 10.8134 10.5134
6 10.3663 10.2799
8 11.3242 11.2596
6 11.2789 10.7791
15 11.1394 10.8406
12 10.8381 10.6779
14 14.8841 14.8538
3 14.091 13.8431
10 13.7696 13.4535
18 14.2921 14.118
12 15.7532 15.7376
13 18.1328 18.8483
17 20.6854 21.3317
25 22.3006 22.3502
25 24.0699 25.0653
22 26.7565 26.7849
30 30.2252 31.5267
20 31.8397 34.0892
19 27.5348 27.8864
25 29.0076 29.232
31 30.4803 30.5777
33 33.4022 32.5963
38 36.5574 36.4765
40 42.8058 42.2864
39 47.1463 47.956
45 52.3233 51.9119
46 53.1856 53.2266
46 53.4397 54.0139
34 53.1163 54.7737
39 52.7645 55.7856
37 51.517 55.395
33 53.9341 57.6117
38 50.4451 55.8809
36 50.9861 56.4925
47 52.6654 58.8076
53 53.7967 54.3585
65 55.1713 55.8186
68 51.4889 51.3153
59 43.9601 44.7682
59 39.5447 43.0643
65 36.0876 43.2665
60 34.5668 40.0146
47 35.5887 39.1739
34 40.0422 42.5381
38 41.41 43.4938
41 47.1134 48.1221
38 48.1769 49.0076
28 50.895 50.3907
23 54.7755 54.0159
32 57.3801 54.9139
40 58.1331 56.0242
52 57.6961 56.9811
32 64.8355 64.4468
47 59.8193 61.5489
47 61.8211 65.1268
56 61.7395 65.1105
51 62.5968 67.1287
66 63.4169 68.2093
72 63.7136 70.824
59 75.3511 82.904
97 87.1157 94.1964
109 97.3015 104.891
115 107.449 116.137
129 112.836 120.288
125 123.093 127.387
140 135.227 138.361
153 135.89 137.099
139 138.757 137.369
133 146.714 140.027
169 217.803 199.655
188 194.175 218.471
73 92.8165 104.456
105 86.2396 92.8392
98.75 83.3737 87.0996
92.5 88.3911 94.4183
86.25 87.4997 88.8004
80 80.9492 82.6478
58 52.1859 55.6017
22 30.2422 33.9136
16 24.3987 29.6679
11 18.9693 22.1647
11 27.4942 33.9561
5 20.305 23.9966
6 11.5528 12.5786
14 9.4889 10.2731
4 11.7501 12.0232
4 9.01953 10.3079
17 10.2441 11.7966
8 9.57241 12.9728
9 11.3862 15.3693
3 14.7689 21.8163
3 16.2491 21.5995
7 17.1034 20.8734
10 18.7715 22.143
21 23.5219 25.7096
30 27.4244 27.9283
38.3333333333333 29.5774 30.2339
46.6666666666667 31.7303 32.5395
55 33.8833 34.8452
63.3333333333333 36.0362 37.1508
71.6666666666667 38.1892 39.4564
80 40.3421 41.762
88.3333333333333 42.4951 44.0677
96.6666666666667 44.648 46.3733
105 46.801 48.6789
113.333333333333 48.9539 50.9845
121.666666666667 51.1068 53.2902
130 53.2598 55.5958
138.333333333333 55.4127 57.9014
146.666666666667 57.3564 59.7484
155 60.9233 62.9997
106 64.3048 67.5939
82 65.3012 68.3772
60 68.4833 70.7121
38 47.8841 49.0864
46 51.0394 52.3145
55 57.5476 57.8771
58 56.1157 56.6679
41 48.8 49.2367
35 37.3661 38.1963
30 23.2814 23.8521
22 18.5654 18.939
24 13.6601 14.0466
18 15.3327 15.5816
13 12.5805 12.8039
11 13.3859 13.476
16 15.176 15.3313
23 22.2859 22.5935
37 29.6923 29.6159
41 34.9227 35.4869
49 42.04 42.3108
50 41.4338 41.7429
23 44.3087 44.7006
40 47.1769 48.415
40 55.7577 57.4882
61 71.4875 74.6567
80 81.1408 82.7476
91 81.2557 80.3237
77 81.0864 79.4095
73 75.7181 74.9448
61 79.0247 77.0412
69 78.7921 76.717
80 72.8586 71.6017
69 73.4508 72.6461
68 69.5452 69.4224
76 71.5045 71.5115
75 69.6328 69.5273
63 69.0633 69.2482
67 68.0913 68.3937
73.5 73.7331 74.35
80 80.2568 80.7524
89 90.3729 90.9931
117 103.975 105.116
129 116.104 117.038
149 128.647 129.38
155 141.805 143.69
163 141.547 141.883
162 140.032 140.245
154 133.966 132.751
157 135.869 135.03
138 129.547 127.77
128 124.453 121.735
119 128.161 126.71
124 135.465 134.179
136 137.202 135.416
141 142.398 140.266
134 150.894 149.257
142 151.614 150.955
143 158.83 158.294
159 163.49 164.027
148 163.039 164.471
95 135.655 132.692
87 120.791 117.653
84 111.543 109.097
84 105.744 104.044
104 110.799 110.171
118 124.181 124.737
127 129.305 129.566
142 123.608 122.153
139 116.593 114.396
124 116.211 114.126
118 113.228 111.321
120 115.782 114.093
124 118.008 116.223
128 119.716 117.87
129 123.958 122.415
128 127.347 126.138
130 136.711 134.91
133 144.222 143.131
139 152.994 152.088
146 159.16 158.834
148 159.894 159.924
155 147.062 145.546
91 127.77 123.854
78 115.836 113.16
74 102.665 100.773
64 87.2631 86.2046
62 75.3293 73.9732
82 79.4184 78.7802
104 88.9702 89.2644
92 104.595 106.844
69 98.0878 99.2359
69 94.0059 93.7457
70 88.2238 86.9177
70 81.0502 78.3932
71 78.7177 76.1917
65 77.0775 74.5006
65 79.9624 77.5204
71 82.0944 80.4346
79 85.0144 84.3488
84 85.8913 84.8723
88 90.1155 89.4499
94 101.468 101.36
91 112.017 112.012
102 114.571 114.798
107 118.202 119.024
117 123.4 123.893
112 123.396 123.678
119 123.616 123.73
119 125.781 124.923
132 130.311 129.562
143 137.195 136.816
148 143.792 144.128
159 151.221 150.931
163 158.749 158.65
162 156.052 154.044
136 146.342 142.406
118 136.125 131.528
103 122.186 117.622
98 119.214 114.769
96 119.949 116.245
101 123.241 119.534
103.5 127.956 124.191
106 130.601 127.064
54 122.312 121.194
44 74.3899 71.8908
25 49.1456 44.2219
27 41.7488 39.1301
34 47.5745 45.8041
62 86.1085 84.0511
64 108.975 107.35
66 111.024 110.637
56 87.1932 87.6084
41 55.3214 56.6154
34 46.7661 49.6321
27 29.0692 29.3971
31 27.5731 27.8014
31 27.2774 27.9665
28 27.7805 28.8899
35 29.0468 29.7534
41 29.6507 30.3787
31 30.2914 31.2259
26 35.3485 36.4295
34 39.9628 41.4746
38 43.0222 45.8264
29 52.5288 57.9752
26 52.099 57.3833
29 40.6261 42.9406
34 49.7638 54.0057
30 58.1178 63.503
38 78.2023 83.6096
44 103.236 110.138
56 121.85 128.951
75 140.543 145.595
104 151.085 156.026
110 160.659 164.694
82 145.394 147.4
63 121.929 121.075
61 103.676 104.723
66 98.0564 100.61
71 106.632 107.214
65 92.0816 94.6901
71 95.2934 98.2805
69 102.69 106.654
73 115.217 120.235
68 120.395 124.743
68 118.758 120.482
72 120.157 122.654
79 122.312 124.615
96 125.474 127.972
104 127.663 129.879
108 130 131.999
116 132.287 134.513
121 136.233 138.568
121 144.148 145.99
295 153.492 155.53
143 170.817 171.35
126 171.218 171.632
206 180.004 184.408
212.5 187.848 192.077
219 199.985 203.885
187 189.969 193.148
161.333333333333 157.49 160.034
135.666666666667 135.609 136.561
110 122.979 122.616
112 117.071 116.648
114.1 119.138 118.523
116.2 121.205 120.399
118.3 123.272 122.275
120.4 125.339 124.151
122.5 127.406 126.026
124.6 129.473 127.902
126.7 131.54 129.778
128.8 133.607 131.653
130.9 135.674 133.529
133 137.741 135.405
135.1 139.808 137.281
137.2 141.875 139.156
139.3 143.942 141.032
141.4 146.009 142.908
143.5 148.076 144.784
145.6 150.143 146.659
147.7 152.21 148.535
149.8 154.277 150.411
151.9 156.344 152.287
154 158.411 154.162
137 142.318 140.536
142 128.397 126.231
130 113.607 109.937
114 98.2967 96.7572
98 85.362 85.4365
46 73.3936 75.2229
50 82.9573 88.8287
83 91.8723 98.2053
134 84.9465 89.5714
75.5 54.7835 57.9007
17 20.4 20.0007
12 16.0713 15.9453
16.5 18.1919 17.5484
21 18.8023 17.9974
15 18.0544 17.9396
13 14.1767 14.0607
7 11.9643 11.6205
11 12.6937 12.2235
10 13.033 12.7144
7 13.4104 12.7339
10 12.1019 11.6457
11 12.1929 11.7583
12 13.2104 12.8845
13 12.1964 12.2681
11 13.4217 13.4123
13 15.8979 15.808
13 17.0232 17.1443
16 17.2641 17.3693
15 14.7315 14.6531
15 14.5016 14.4188
14 13.9151 13.8854
17 12.6319 12.6275
13 11.5582 11.4511
10 11.1519 11.1246
12 12.1381 12.1196
10 11.8078 11.6259
12 11.7567 11.6494
11 11.6333 11.5788
18 15.918 15.9131
14 15.0485 14.9624
11 14.7123 14.5995
11 15.411 15.352
15 17.0785 17.0802
19 19.7975 20.0749
16 22.6726 22.9245
22 24.0527 24.0807
26 26.3983 26.7827
26 28.8201 28.8434
27.5 32.9466 33.448
29 35.834 36.6906
33 30.5806 30.7232
35.5 32.3936 32.489
38 34.2065 34.2548
39 37.6662 37.3768
41 40.5187 40.5032
51 46.2292 46.053
52 51.878 52.2004
60 56.6383 56.5047
68 58.3507 58.3872
69 75.4346 75.2985
71.5 80.4351 81.1462
74 82.9508 84.2972
70 77.951 79.7861
79 83.1977 83.077
104 99.2805 97.9143
124 113.871 113.543
131 123.996 126.413
121 111.796 114.412
120 111.631 114.539
140 112.092 114.347
135 113.328 114.873
134 112.97 115.047
112 115.842 117.54
80 112.508 113.959
79 119.493 121.76
109 122.153 124.848
116 138.535 141.781
127 145.761 148.905
130 162.019 166.119
134 171.293 175.951
143 187.22 189.286
159 173.525 177.322
161 171.029 176.565
152 163.081 167.614
148 160.524 165.914
139 155.05 160.977
141 143.454 149.828
121 124.319 127.376
114.571428571429 97.6542 99.1551
108.142857142857 88.5292 90.182
101.714285714286 91.2542 94.4979
95.2857142857143 95.9486 101.328
88.8571428571429 95.9853 100.649
82.4285714285714 92.9091 97.6892
76 89.7114 93.6219
69.5714285714286 83.0906 86.6429
63.1428571428571 77.4979 80.961
56.7142857142857 63.8432 65.5183
50.2857142857143 55.8832 56.8263
43.8571428571429 51.2753 50.5954
37.4285714285714 52.6015 53.0975
31 49.2234 49.496
26 57.2865 56.429
29 53.3647 52.828
32 51.6906 52.0348
35 58.6348 61.9791
33 53.9862 56.5682
32 46.8841 49.412
27 43.4763 43.8954
40 40.9428 39.2102
128 71.0943 72.6169
98 80.0407 82.3669
89 84.5271 85.2487
86 84.3653 83.8221
84 80.6268 80.007
79.4545454545455 78.5238 78.0584
74.9090909090909 76.4207 76.1097
70.3636363636364 74.3177 74.1611
65.8181818181818 72.2147 72.2125
61.2727272727273 70.1117 70.2638
56.7272727272727 68.0087 68.3152
52.1818181818182 65.9057 66.3665
47.6363636363636 63.8026 64.4179
43.0909090909091 61.6996 62.4692
38.5454545454545 59.5966 60.5206
34 57.4936 58.5719
44 47.4954 47.9305
25 29.7869 30.1272
20 28.2631 29.8639
19 37.0561 38.3241
28 35.2202 35.8153
36 39.6895 40.5989
44 45.9179 45.5204
43 51.6844 53.0762
56 55.9865 57.1992
69 66.4425 65.1049
186 91.7729 93.2721
173 106.019 109.885
124 98.7027 100.494
119 93.8856 94.4266
119 92.2867 91.5857
98 82.4765 81.3384
76 72.6055 71.1325
83 79.6959 77.4174
85 73.4829 72.1551
88 81.6605 80.1004
54 66.932 65.9538
69 64.3539 63.8636
66 64.5183 64.084
83 65.3221 65.2212
84 65.7705 66.2581
78 67.5639 68.6686
75 71.2017 72.4774
95 70.4276 72.5246
77 71.8818 73.737
54 68.9496 71.1424
44 71.8424 74.0194
47 79.9237 81.0168
51 78.2633 78.9542
59 83.0515 83.8783
75 91.4633 93.7459
81.5 90.8216 94.0247
88 86.1057 88.5434
67 79.1463 80.8078
60.5 68.8486 69.2237
54 58.5509 57.6395
65 52.3144 52.4238
54 58.5271 60.0831
64 67.4751 69.5999
75 77.4254 79.1199
89 89.92 91.8726
103 96.9934 98.199
113 92.6115 93.6685
118 91.5264 92.1767
114 84.4636 85.5237
116 87.3445 88.6936
111 89.8443 91.4812
109 91.8751 94.04
113 93.7511 95.7274
104 93.7128 96.0179
96 96.8847 99.3906
102 110.086 112.824
111 126.08 128.563
120 135.563 138.203
134 141.899 144.832
164 147.236 150.028
149 147.854 149.008
134 143.324 143.627
96 123.923 123.801
100 110.557 110.097
85 96.8499 96.6754
84.5 94.6858 94.1737
84 90.9704 90.523
80 91.4943 90.5796
74 81.3359 80.2117
61 69.8767 68.1456
51 65.6058 64.3269
53 69.291 67.8934
59 65.0024 63.8738
59 67.742 67.1468
64 71.7633 71.7739
74 77.4506 77.7634
105 80.148 80.7234
96 84.8508 85.6656
88 90.1087 90.8399
83 100.622 101.579
93 111.041 112.024
98 124.465 125.462
108 137.825 137.448
104 132.225 132.6
115 136.415 136.029
118 134.045 133.752
118 137.414 136.85
115 133.956 132.942
109 107.968 107.707
69 83.6555 84.123
37 44.5409 43.6388
49 45.0108 45.206
52 51.7752 52.9436
56 51.1085 52.0272
53 44.8322 44.6499
39 46.609 46.6658
39 45.666 45.4856
42 38.9135 37.5692
37 35.7071 34.3006
31 40.3469 39.8397
33 39.3547 38.9436
36 39.8675 39.1752
38 44.1503 43.6567
46 45.575 45.3044
47 49.0573 48.9832
42 49.3128 49.1347
42.3333333333333 46.561 46.4828
76 91.3651 94.1816
76 88.7539 88.0764
78 84.5735 81.3012
72 80.1475 73.524
62 77.6169 71.3192
63 76.2436 69.8201
65 79.3158 73.2297
74 81.3399 77.1895
66 83.4456 81.763
75 85.808 83.2466
80 90.394 88.7069
89 99.8987 99.5861
101 110.58 110.519
114 112.936 113.453
121 115.988 117.976
125 120.967 122.14
122 120.333 120.997
119 118.657 118.914
124 123.037 120.88
143 127.493 125.601
148 134.919 133.937
159 139.178 139.965
150 146.779 146.015
162 151.398 151.097
155 147.74 142.71
128 138.415 128.612
101 128.327 116.892
96 116.855 105.504
95 115.871 104.805
102 117.454 108.223
106 121.686 112.436
108 126.644 117.253
111 129.561 120.732
104 120.054 117.204
47 83.8294 77.6026
30 64.512 52.2618
29 47.9711 41.4388
47 46.6481 42.2395
81 79.4819 74.3606
121 105.07 100.999
86 108.487 107.465
65 85.4149 86.38
48 55.5811 58.7232
38 43.3368 50.3037
26 29.302 30.0817
25 26.3607 26.8984
21 25.8952 27.5705
29 26.1817 28.8906
21 28.4901 30.2105
22 29.6151 31.3872
19 31.0263 33.3015
28 35.6765 38.3118
28 38.0274 41.7236
28 40.1187 46.9956
32 45.4317 58.7286
27 46.8892 59.773
27 41.2424 46.9023
24 46.9968 57.3592
39 54.3169 67.441
54 73.4493 86.6136
46 96.837 113.709
78 114.059 131.437
117 131.366 143.683
138 138.324 150.395
112 142.394 152.228
84 127.108 131.895
70 109.318 107.016
73 91.8466 94.2708
81 85.5168 91.6864
69 94.9233 96.1838
75 83.837 90.1404
73 88.5604 95.8008
78 95.2096 104.868
79 103.812 116.072
88 107.472 118.074
78 113.359 117.455
86 110.241 116.257
96 113.973 119.522
108 117.709 123.749
115 120.279 125.631
126 122.706 127.527
123 124.403 129.79
137 128.417 134.082
136 136.465 140.907
143 146.673 151.603
137 163.617 164.799
162 165.059 165.955
161 170.101 169.951
180 173.676 173.606
180 185.679 185.038
198 187.799 184.378
197 181.168 176.088
200 180.509 174.313
187 182.132 175.864
209 186.199 180.625
206 195.082 189.636
215 200.976 196.768
216 200.802 193.784
232 197.722 188.603
214 191.412 181.695
204 183.498 175.265
174 181.964 177.615
173 182.81 180.849
178 180.91 176.317
198 175.893 166.775
157 174.206 165.829
161 174.37 168.019
158 176.801 170.153
168 174.971 167.577
155 172.597 166.439
160 160.798 155.103
154 149.959 146.583
160 145.656 138.404
138 126.595 119.104
120 114.441 108.588
111.5 108.614 102.62
103 102.699 96.4818
94.5 96.9593 90.6847
86 91.1671 84.7853
77.5 85.4978 79.1247
69 82.7049 76.6223
70 83.8541 77.4837
71 85.1787 78.6861
65 87.2075 81.3811
80 89.7773 83.7778
75 90.1744 84.5096
95 91.0268 86.6472
86 90.9343 88.6847
107 86.6635 86.037
104 80.288 78.0831
94 77.9989 74.3952
59 76.2601 74.7366
66 78.6666 79.0124
67 68.9305 67.9907
57 50.6214 47.0331
47 42.5963 38.3871
39 41.8937 38.5134
32 38.2861 36.1642
34 38.7725 36.9244
32 38.0461 36.6816
41 38.4365 37.1157
39 39.3189 37.4848
55 44.0018 41.0409
57 45.9797 44.0181
61 53.0868 50.442
58 53.4076 52.4366
53 50.8847 49.1862
44 49.7398 47.6171
41 45.3127 43.5379
43 43.9535 42.7195
49 44.7737 43.3631
44 46.6745 45.0078
43 48.0944 47.179
40 48.5386 48.5967
50 47.9179 47.2513
47 50.9974 52.6339
54 48.7786 50.7751
42 45.2204 46.7111
38 37.9749 40.0112
31 32.7357 34.4866
31 30.7315 30.5312
25 28.1549 28.3061
38 29.6681 29.8652
35 33.0697 33.2064
45 34.7684 35.059
55 35.4667 36.193
52 28.7635 28.5709
48 24.5365 23.3633
46 24.0356 22.4668
26 23.9255 20.8223
11 23.1103 20.1053
10 23.9104 20.2034
8 22.7917 19.2812
6 22.7871 19.5376
26 21.3946 22.7014
28 26.3142 27.0581
38 30.9058 31.6061
36 32.7026 33.5601
45 37.3728 38.0992
46 38.8253 40.1343
46 38.3864 40.7161
45 38.3292 41.0834
50 36.7281 40.5262
23 23.7041 23.0213
14 18.0058 15.7478
12 17.6808 15.4186
16 19.1447 15.9993
14 22.374 18.7609
25 22.5197 19.8199
19 20.2931 18.8943
4 13.7081 13.0394
3 12.2795 12.2108
19 9.80079 9.93309
12 12.9046 13.0343
17 14.8927 14.6182
18 16.2412 16.9863
20 18.9791 18.8226
20 19.4321 20.4244
25 22.2387 22.2918
27 27.0783 27.0049
47 35.4854 35.0327
62 47.4046 48.4573
75 53.7358 55.8329
73 56.2335 58.8553
82 59.2218 62.852
79 62.3355 65.713
83 64.9097 68.8323
79 70.5207 75.4767
90 74.452 80.0197
91 74.864 81.4534
92 76.6157 81.9454
72 80.6501 84.2475
97 88.8369 92.2911
105 95.9325 99.6663
130 100.043 104.616
82 98.2758 97.3305
74 92.4803 87.7761
78 94.855 87.798
108 94.7069 92.0264
102 96.2531 94.8932
109 103.626 102.246
113.789473684211 107.411 105.782
118.578947368421 111.195 109.317
123.368421052632 114.98 112.852
128.157894736842 118.765 116.388
132.947368421053 122.55 119.923
137.736842105263 126.334 123.458
142.526315789474 130.119 126.993
147.315789473684 133.904 130.529
152.105263157895 137.689 134.064
156.894736842105 141.473 137.599
161.684210526316 145.258 141.134
166.473684210526 149.043 144.67
171.263157894737 152.828 148.205
176.052631578947 156.612 151.74
180.842105263158 160.397 155.275
185.631578947368 164.182 158.811
190.421052631579 167.966 162.346
195.210526315789 171.751 165.881
200 177.538 172.672
206 181.997 181.154
207 185.504 186.389
191 175.683 177.755
176 175.977 179.779
117 159.722 161.737
134 138.161 135.864
164 140.922 143.243
215 158.53 168.158
248 175.753 187.369
264 191.462 203.125
252 194.591 206.366
247 194.654 206.783
248 188.269 202.398
268 188.426 202.135
212 186.123 198.647
183 184.917 195.289
194 184.553 194.859
217 178.843 190.5
180 176.175 187.807
154 172.562 183.857
149 174.835 185.134
207 176.665 187.393
227 184.559 194.862
230 197.348 206.845
172 188.564 196.287
173 154.856 161.059
102 134.729 137.025
31 124.141 123.189
106 120.478 119.384
108.6 122.553 120.992
111.2 124.627 122.599
113.8 126.702 124.206
116.4 128.777 125.814
119 130.852 127.421
121.6 132.927 129.029
124.2 135.001 130.636
126.8 137.076 132.244
129.4 139.151 133.851
132 141.226 135.459
134.6 143.3 137.066
137.2 145.375 138.673
139.8 147.45 140.281
142.4 149.525 141.888
145 151.599 143.496
147.6 153.674 145.103
150.2 155.749 146.711
152.8 157.824 148.318
155.4 159.899 149.926
158 161.973 151.533
156 144.046 139.639
138 128.333 122.996
134 114.664 105.643
46 98.0252 94.2302
69 87.7771 87.9176
51 78.8092 83.2318
63 80.3557 94.6889
100 88.4966 103.965
125 85.7211 97.0182
69 59.7518 67.3421
9 27.3552 26.347
13 15.8917 15.5667
13 16.5912 15.0068
17 17.849 15.8706
26 16.7243 16.4508
11 13.8735 13.5918
9 11.6244 10.7829
5 12.1601 11.0072
10 12.2529 11.4715
10 13.8701 12.208
8 12.3356 11.2154
8 12.2271 11.1625
12 13.0944 12.295
7 12.9163 13.0921
10 13.055 13.0327
10 16.0029 15.7796
17 16.7069 17.0011
15 17.5563 17.8071
17 15.0039 14.8065
21 15.0018 14.793
19 14.4885 14.4053
11 13.2367 13.2218
11 12.0056 11.7355
12 11.3424 11.2692
13 12.2099 12.1576
8 12.1579 11.7058
12 11.9167 11.6507
9 11.9142 11.7727
16 15.8405 15.8243
16 15.3428 15.1236
11 15.1453 14.8638
16 15.8389 15.6875
13 17.399 17.3934
15 19.0742 19.7449
18 22.321 22.9292
21 24.1376 24.1995
17 25.5701 26.5031
23 28.9135 28.9574
24 31.4326 32.6551
30 34.7112 36.8015
28 31.787 32.1238
29 34.263 34.4808
30 36.7391 36.8378
37 42.4598 41.7209
35 42.9798 42.9196
46 47.6398 47.1879
45 52.6629 53.4371
62 58.184 57.8403
60 60.5241 60.5911
76 81.7304 78.4522
97 89.0756 85.7084
104 100.215 97.124
119 106.121 106.759
102 113.65 114.156
99 106.785 111.377
88 89.1904 94.263
51 65.1514 68.1473
19 48.2487 49.202
48 43.1979 44.0238
60 45.6436 46.2289
70 50.7693 57.0642
27 31.9587 34.5601
18 22.185 23.8648
10 20.677 21.9155
26 19.0829 20.3473
17 23.7456 25.4717
18 25.484 28.3675
12 28.1777 30.381
22 31.4672 34.2396
23 38.9029 44.5292
50 39.279 46.034
46 42.1622 48.8947
44 42.3895 49.6168
38 43.0776 50.5388
35 46.2236 54.8853
32 60.6284 68.9883
25 51.5767 59.6012
65 52.1785 55.8856
49 43.4808 46.174
33 43.4313 43.2184
35 40.2606 39.7855
31 39.3105 39.3694
39 39.4086 40.2629
39 40.9875 42.0521
40 46.1783 47.4715
43 50.2769 51.7862
74 51.9054 53.2381
38 48.7019 48.9375
41 53.7241 52.134
43 49.6082 49.6158
51 53.3659 52.7934
48 53.0456 53.5692
57 53.9982 54.7257
50 56.2816 57.8562
60 59.2976 61.8586
62 64.1424 65.7233
64 65.3504 66.8797
58 67.8322 69.823
69 69.8054 72.0037
68 84.7627 85.1494
85 90.2106 92.1784
78 91.0597 92.5846
75 86.1631 87.8975
51.5 84.4606 86.6061
28 90.2281 90.8459
86 86.9784 88.9133
21 71.1216 74.2382
12 54.7899 57.6349
6 41.3896 42.2406
7 31.7075 33.4764
10 30.3976 31.1747
11 27.5357 27.4014
14 27.3707 28.8152
15 46.3721 45.0003
13 46.7047 45.6652
17 45.8551 47.6464
21 54.0579 58.233
67 57.2821 62.5291
58 54.5131 58.2787
62 49.9989 54.4698
43 53.3514 56.2509
43 49.3542 54.4148
29 54.9213 60.8012
37 65.9214 72.7085
42 64.0532 66.3362
38.5 60.8198 62.2171
35 54.4668 57.0419
48 52.3388 52.9226
33 55.0898 54.9402
41 52.6787 51.6006
33 52.7374 52.7933
44 53.0407 52.1942
40 55.0455 52.8985
46 57.4515 56.931
37 58.8851 58.6794
54 61.4595 58.7989
61 57.7529 59.4531
62 65.9698 67.7587
63 73.7421 74.1922
78 71.5327 72.3042
69 59.9282 60.5375
69 49.2629 50.44
30 25.3247 26.1246
16 14.6555 15.182
14 12.5762 13.1189
12 11.5711 11.9188
12 12.836 13.143
12 12.625 12.7465
26 16.4682 16.6808
31 23.6824 24.1174
42 33.4215 33.3185
48 40.1241 40.9223
57 47.0762 47.4623
52 53.1329 53.5706
59 59.3243 59.8724
66 64.9185 66.6401
70 73.6854 76.1018
70 84.0903 88.5341
97 83.961 86.2385
103 79.9794 78.6756
80 74.242 71.8973
68 68.8882 67.8167
73 69.3747 66.5784
68 71.0576 68.1376
62 67.2907 65.535
65 69.0162 67.9011
69 70.3207 70.1542
79 71.6894 71.7032
81 72.2548 72.1143
78 77.237 77.5054
80 77.7284 78.1585
82 81.9644 82.8278
91 87.7842 88.4769
99 101.015 101.882
122 114.928 116.526
134 128.791 130.108
149 140.731 141.767
162 145.915 148.571
184 145.829 146.295
169 140.37 140.637
143 131.956 130.235
163 131.796 130.562
137 126.951 124.44
132 119.816 116.046
129 122.591 120.563
128 130.525 128.692
126 136.951 134.438
143 142.058 139.045
146 149.536 147.215
152 154.375 153.442
169 162.77 161.992
175 164.147 164.883
147 151.093 153.029
104 112.018 107.813
95 96.8753 92.4156
93 94.8297 91.3458
95 97.2445 94.8294
114 103.119 102.212
131 117.552 118.331
149 116.818 117.193
129 104.478 102.434
108 100.164 97.0753
109 103.653 100.721
109 104.061 101.379
115 106.937 104.567
104 111.027 108.516
119 114.598 112.008
135 116.318 114.152
137 120.939 119.247
155 129.873 127.338
169 136.78 135.254
169 149.41 148.143
167 148.493 148.043
152 137.589 137.638
100 115.468 113.327
71 99.3321 93.8295
79 85.6585 81.8758
62 75.602 72.9129
62 72.827 71.3246
70 72.2617 70.3379
97 85.1782 84.2717
98 88.659 89.0632
82 89.5826 92.688
26 23.7259 24.4585
32 27.831 28.249
36 33.945 34.3403
38 36.0315 36.5172
42 41.8167 42.2312
42 45.9893 46.7288
53 48.5495 49.8581
52 50.3953 51.9443
50 55.2252 57.3515
38 41.0635 40.6955
14 28.1197 26.8715
8 26.0556 24.8048
10 27.8325 26.0942
22 32.7946 30.7958
17 28.216 26.7221
25 25.9545 25.1869
11 17.5047 17.1393
13 13.4677 13.4316
20 11.2459 11.3152
12 14.1344 14.2068
13 13.8211 13.6636
18 18.3999 18.8123
21 20.0259 19.9483
22 21.0509 21.6098
23 23.04 23.074
28 29.0499 29.0169
54 39.6633 39.4258
71 52.9283 53.5273
78 61.5334 62.7165
76 65.4707 66.9413
78 69.3682 71.4
84 75.3885 77.2819
84 81.6593 83.8526
92 91.2673 94.0365
99 95.7016 98.8096
98 97.9531 101.628
106 100.77 103.748
107 104.1 106.123
127 112.278 114.222
137 113.609 115.705
113 102.417 104.972
87 90.3013 89.7892
67 82.6472 80.0484
91 85.5226 81.6121
92 90.9531 89.47
106 97.2663 96.5282
110 105.152 104.403
114.6 108.608 107.721
119.2 112.064 111.039
123.8 115.521 114.357
128.4 118.977 117.675
133 122.433 120.993
137.6 125.889 124.312
142.2 129.345 127.63
146.8 132.802 130.948
151.4 136.258 134.266
156 139.714 137.584
160.6 143.17 140.902
165.2 146.626 144.22
169.8 150.083 147.538
174.4 153.539 150.857
179 156.995 154.175
183.6 160.451 157.493
188.2 163.907 160.811
192.8 167.364 164.129
197.4 172.112 169.437
202 186.642 186.21
198 192.852 193.386
200 185.867 187.07
178 182.397 184.534
148 167.61 168.747
166 150.804 149.533
198 160.299 161.585
237 180.91 186.258
237 196.546 203.006
248 208.684 215.177
252 212.854 219.401
257 210.711 217.464
253 203.258 211.119
267 202.564 210.214
264 199.495 206.486
270 196.356 202.155
247 194.222 199.976
224 192.95 199.453
214 192.427 198.924
186 185.053 191.361
180 195.911 201.678
202 197.888 203.966
230 205.586 211.429
229 219.043 224.437
196 209.283 213.673
163.666666666667 168.546 172.082
131.333333333333 144.224 145.548
99 131.701 131.179
130 132.283 131.688
132.45 133.68 132.823
134.9 135.077 133.957
137.35 136.474 135.092
139.8 137.871 136.227
142.25 139.268 137.362
144.7 140.665 138.497
147.15 142.062 139.632
149.6 143.459 140.766
152.05 144.856 141.901
154.5 146.253 143.036
156.95 147.65 144.171
159.4 149.047 145.306
161.85 150.444 146.441
164.3 151.841 147.575
166.75 153.238 148.71
169.2 154.635 149.845
171.65 156.032 150.98
174.1 157.43 152.115
176.55 158.827 153.25
179 160.224 154.384
145 147.911 145.46
141 125.989 123.007
101 107.544 102.483
31 96.2559 94.1375
44 97.8579 97.953
45 102.066 104.572
121 104.083 112.166
123 113.016 121.743
121 111.552 117.942
103 86.5106 90.8026
17 41.6317 41.0741
5 15.8197 15.6328
14 11.4135 10.5173
12 13.412 12.2964
45 14.3904 14.243
21 13.5133 13.3601
11 10.0961 9.62526
6 9.71743 9.06956
9 9.94259 9.50376
11 12.7148 11.7808
12 11.5617 10.9334
12 11.1274 10.5313
14 12.1864 11.7395
15 15.4313 15.5372
14 12.9652 12.957
14 16.7113 16.5899
13 17.4685 17.6385
15 19.5594 19.7045
53 16.0516 15.9434
19 16.5053 16.3911
18 16.3326 16.2868
18 15.1977 15.1935
13 13.1281 12.977
14 12.2328 12.1928
8 12.9358 12.9073
12 12.7712 12.518
12 12.4424 12.2953
14 12.9061 12.8271
13 16.5165 16.5108
15 16.4161 16.2944
12 16.3909 16.236
16 17.336 17.2537
17 19.0083 19.0069
15 19.7641 20.1429
19 23.857 24.2027
21 25.7412 25.7817
24 26.8499 27.3789
23 30.7633 30.7918
26 32.1017 32.7963
26 37.8768 39.0619
35 36.6261 36.8241
36.5 40.4161 40.5476
38 44.2061 44.2711
34 53.5126 53.1072
34 50.3637 50.3396
45 52.4074 52.1626
49 58.5192 58.9691
54 63.9993 63.8219
65 68.4872 68.5407
69 69.784 70.0965
73 70.5609 71.4151
83 74.0138 75.5446
85 76.2636 78.2181
88 77.9604 79.8149
88 78.5884 81.3085
77 82.437 85.195
82 84.8297 87.9054
83 91.4222 91.7333
85 81.6364 81.9922
83 74.9597 74.9001
73 62.076 62.5086
63 58.6095 60.3846
50 48.4495 52.0309
44 52.2323 54.9557
36 50.8132 52.6112
32 48.7806 50.0444
43 47.623 48.6836
39 49.8803 50.4117
40 46.9416 47.3792
36 51.895 51.6744
44 57.6671 57.3228
58 60.9674 59.7785
61 65.9259 64.9107
86 69.7024 69.3859
108 77.2503 77.1002
70 80.0464 80.9394
78 85.4625 87.1277
82 90.7554 92.4596
86 93.7159 95.9973
85 97.8682 100.283
98 101.337 104.889
157 113.405 117.182
191 126.533 130.088
132 133.594 137.406
129 137.377 141.749
137 140.659 144.42
128 138.389 140.583
133 141.597 143.236
131 142.016 142.692
136 148.505 147.894
151 152.096 148.866
207 147.894 139.001
471 259.266 271.449
150 182.611 188.396
86 98.865 102.152
84 97.0524 98.9373
136 97.0972 100.105
177 105.94 106.604
230 108.411 109.275
90 80.6237 82.3201
45 42.7476 44.5656
35 31.0891 33.719
31 23.2195 24.7999
75 19.7407 22.8883
16 15.7654 17.5661
15 13.333 13.832
15 16.1147 16.4997
24 16.3173 16.4504
17 11.8006 12.4302
24 12.5189 13.2815
6 12.085 13.7593
21 15.7534 17.6942
19 19.4418 22.9312
8 23.1568 25.8194
24 23.8498 25.7437
28 27.8279 29.5236
35 37.635 38.738
45 55.9579 56.2241
47.4615384615385 57.1823 57.5256
49.9230769230769 58.4067 58.827
52.3846153846154 59.631 60.1284
54.8461538461538 60.8554 61.4299
57.3076923076923 62.0798 62.7313
59.7692307692308 63.3041 64.0327
62.2307692307692 64.5285 65.3341
64.6923076923077 65.7529 66.6356
67.1538461538462 66.9772 67.937
69.6153846153846 68.2016 69.2384
72.0769230769231 69.426 70.5399
74.5384615384615 70.6504 71.8413
77 71.8747 73.1427
78 80.2191 81.4404
145 83.6653 84.7296
98 89.9604 91.6269
84 92.6732 94.2112
87 91.3512 92.4813
75 88.1835 86.3786
87 100.503 98.653
98 115.511 113.821
106 122.4 122.775
109 129.202 129.509
100 115.256 117.821
75 93.0005 95.8221
49 64.4455 66.1112
35 43.8549 44.3759
32 39.3627 39.8097
72 46.5053 46.8347
86 61.086 64.6024
49 48.3917 49.8412
14 28.1062 29.0377
20 22.2562 22.9418
19 21.9746 22.6739
11 23.8628 24.8135
19 29.0428 30.6401
27 37.5556 38.7847
24 45.309 46.8517
66 50.5148 53.6417
66 52.2449 56.0033
74 55.6142 59.3662
103 58.175 62.1905
78 61.0111 65.1568
80 66.486 71.3022
69 77.7955 82.4441
50 68.103 72.5642
36 59.1043 61.1616
37.5 49.8507 51.3461
39 42.391 42.265
41 36.9261 36.6542
40 36.1533 36.1842
41 37.0171 37.4908
41 39.2294 39.8209
44 43.623 44.3497
63 47.837 48.6796
49 47.1712 47.9123
52 44.6583 44.7893
45 46.351 45.4582
41 48.9355 48.9431
50 52.5354 52.223
54 57.081 57.3816
55 56.3307 56.7448
56 60.4329 61.3142
70 65.4282 66.8568
74 70.311 71.192
87 72.1008 72.949
97 78.8705 79.9839
83 83.1242 84.3589
115 94.5113 94.7361
103 105.164 106.283
92 100.617 101.484
83.5 96.6749 97.6536
75 95.5428 96.7507
101 93.7674 94.1236
93 93.6795 94.7751
94 83.3903 85.1192
68 65.6883 67.2625
15 50.3694 50.8347
32 34.9748 35.9478
3 30.0077 30.4274
31 26.8189 26.7402
28 27.8643 28.6655
21 80.7808 80.0156
20 72.3001 71.7155
25 58.1618 59.1513
68 67.5369 69.8493
82 66.8957 69.8081
70 64.7188 66.8115
65 64.8794 67.3606
68 65.0658 66.6831
84 64.6889 67.4982
155 74.2728 77.5464
94 95.3965 99.1756
81 79.0251 80.2938
102 71.0875 71.8629
123 63.4552 64.8865
65 57.7689 58.0961
49 57.1599 57.0823
48 51.7236 51.1303
45 50.7781 50.8148
60 50.5284 50.0594
64 52.1471 50.9461
50 55.1755 54.8849
52 57.4276 57.3113
63 56.4094 54.925
54 49.6083 49.0215
62 53.1037 52.4886
62 58.1753 58.027
50 57.0561 56.796
40 49.427 49.2215
36 38.783 38.3769
20 23.9431 23.6675
19 18.6674 18.4846
20 14.0003 13.8124
20 15.2966 15.176
16 12.7609 12.656
11 13.3015 13.2602
18 15.2784 15.2064
19 22.5343 22.3838
29 29.3986 29.4354
31 35.6024 35.326
39 42.1777 42.0454
41 42.0029 41.8544
50 45.1429 44.9587
45 49.3835 48.7938
39 58.5998 57.7704
72 75.9876 74.4533
95 82.6525 81.864
76 78.7313 79.1871
72 77.1453 77.9603
67 73.2025 73.5749
63 74.4832 75.4594
82 74.2258 75.2437
61 69.7228 70.334
62 71.0501 71.438
68 68.4986 68.5594
69 70.5933 70.5915
70 68.7145 68.7657
65 68.8936 68.8041
60 68.1896 68.0442
67 74.146 73.8517
74 80.3634 80.1291
89 90.7048 90.4117
98 104.926 104.379
106 116.687 116.238
116 128.733 128.382
134 143.008 142.09
147 140.434 140.28
150 138.52 138.441
148 130.278 130.884
125 132.579 133.025
118 125.042 125.923
112 118.533 119.836
118 124.013 124.721
124 131.482 132.129
128 132.72 133.6
129 137.315 138.373
130 146.384 147.202
127 148.793 149.128
150 156.155 156.438
162 162.183 161.94
148 162.346 161.697
100 128.117 129.588
84 113.166 114.725
84 105.474 106.694
86 101.333 102.18
90 107.974 108.297
107 123.026 122.759
123 127.324 127.195
131 118.761 119.472
120 110.874 111.949
103 110.877 111.899
101 108.385 109.322
104 111.254 112.081
108 113.407 114.284
115 115.107 116.012
116 119.608 120.364
122 123.522 124.115
128 131.848 132.735
137 140.298 140.833
140 149.444 149.89
141 156.008 156.17
143 156.623 156.61
141 141.12 141.868
87 118.668 120.581
80 108.639 109.956
68 96.9811 97.9196
67 83.7342 84.259
58 72.1353 72.8093
66 77.7379 78.059
94 88.2247 88.0916
89 105.732 104.67
66 97.6711 97.3668
66 91.7329 91.8241
67 84.6889 85.0733
66 76.0016 76.7639
60 73.8584 74.5838
63 72.2037 72.943
58 75.3013 76.0006
60 78.5865 79.0679
64 82.8567 83.058
66 83.4433 83.7435
85 88.2279 88.4293
95 99.9908 100.041
92 110.613 110.636
91 113.463 113.42
96 117.863 117.656
100 122.47 122.353
111 122.042 121.979
111 121.678 121.659
112 122.721 122.974
127 127.356 127.582
134 134.827 134.951
143 142.039 141.967
149 148.469 148.571
149 155.697 155.753
139 149.942 150.535
116 137.455 138.584
106 126.355 127.668
96 113.038 114.34
93 110.62 111.89
94 112.627 113.69
96 116.039 117.107
99 120.662 121.745
102 123.675 124.695
118 118.939 119.291
39 71.4658 72.1696
22 43.7956 45.1818
24 38.3945 39.1424
30 44.2206 44.7268
71 80.9339 81.5256
82.5 104.697 105.175
94 108.843 108.982
64 86.6064 86.5216
47 56.7496 56.4185
37.5 49.9828 49.2546
28 29.2995 29.2235
27 27.416 27.3671
24 27.7944 27.6189
25 28.8909 28.6022
25 29.719 29.5366
25 30.4399 30.2517
26 31.5187 31.2763
37 36.6761 36.3944
36 41.5013 41.1047
42 46.3193 45.5735
32 58.9409 57.5288
36 58.5906 57.2279
29 43.8135 43.2029
30 55.1588 54.0518
34 64.9438 63.5563
45 84.6857 83.2999
46 111.47 109.663
63 129.968 128.1
96 145.114 143.812
129 154.775 153.491
138 161.911 160.882
109 143.68 143.231
67 117.071 117.419
65 102.052 101.859
68 98.6733 98.0531
71 104.281 104.224
65 93.5933 92.9541
69 97.6159 96.8694
69 106.298 105.281
76 119.617 118.312
79 123.455 122.339
71 119.141 118.754
75 120.92 120.317
81 123.043 122.486
110 126.578 125.961
124 128.389 127.845
122 130.392 129.905
122 132.902 132.35
127 136.994 136.406
128 144.099 143.65
132 153.804 153.296
141 168.578 168.502
145 168.982 168.933
154 173.785 173.85
165 177.413 177.449
172 191.541 191.711
178 191.343 192.186
176 182.881 184.132
171 179.452 180.974
169 181.536 183.076
176 185.55 186.919
185 192.876 194.207
197 199.433 200.457
219 195.938 197.647
198 190.042 192.265
164 183.352 185.726
158 176.258 178.272
159 180.328 181.395
173 186.117 186.596
167 181.088 182.209
156 170.5 172.729
151 171.615 173.666
150 175.852 177.406
157 178.084 179.708
156 174.264 176.071
165 172.266 173.771
146 159.3 160.69
138 151.577 152.399
152 145.694 147.464
158 126.618 128.442
131 115.375 116.796
117.2 108.825 110.281
103.4 102.071 103.584
89.6 95.7232 97.252
75.8 89.2535 90.8102
62 83.0676 84.6238
62 80.8834 82.3691
63 80.9853 82.5415
64 81.4926 83.0787
70 84.7353 86.159
71 87.0674 88.5343
74 87.2608 88.6442
86 89.0797 90.1469
92 90.3339 90.8785
96 87.2677 87.4151
92 77.2805 77.8109
52 71.0764 71.946
48 70.5519 70.9198
57 76.6609 76.576
65 68.059 68.2849
19 46.0335 46.9109
19 39.4702 40.4983
28 39.9357 40.7606
28 37.8203 38.3359
33 38.3103 38.7612
38 38.148 38.4798
30 37.3909 37.7108
29 37.5305 37.9751
23 40.5555 41.2735
38 42.6971 43.1708
56 49.1918 49.8316
54 51.3815 51.6154
56 48.2887 48.7008
41 46.609 47.1283
40 43.6473 44.0845
37 43.4072 43.706
40 43.9206 44.2621
41 45.4471 45.8546
40 47.5197 47.7464
32 48.662 48.6505
33 47.0452 47.2104
43 53.7268 53.3276
46 51.2361 50.748
43 46.7499 46.3839
44 38.7588 38.2628
32 33.7214 33.2935
30 29.251 29.2988
30 27.1811 27.1427
34 29.1858 29.1352
37 32.7122 32.6781
33 35.1963 35.1259
26 35.5573 35.3804
16 26.4434 26.4906
6 19.354 19.6387
9 17.8562 18.2393
16 15.177 15.9363
13 14.6142 15.3481
7 13.6657 14.5722
5 12.24 13.0989
13 12.3042 13.0994
16 13.0709 13.5517
12 14.3428 14.8203
11 12.4814 13.0675
4 14.0736 14.3887
15 15.782 16.2329
25 16.6792 17.1559
17 17.9388 18.323
20.4 17.7847 18.1149
23.8 21.0238 21.1905
27.2 24.2629 24.2662
30.6 27.5019 27.3418
34 30.741 30.4174
48 33.4821 33.141
36 37.1832 37.2212
42 44.5201 44.6388
55 54.3443 54.1472
78 66.4558 65.8942
74 67.5997 67.5194
49 62.7087 63.0854
47 51.0595 52.0164
36 46.2133 47.2738
38 43.8687 44.5346
34 40.6691 41.0823
31 42.0768 42.2392
31 42.4556 42.8315
30 43.4235 43.8918
34 43.7717 44.1397
38 46.278 46.6136
42 46.5973 47.0165
40 52.094 52.4577
49 57.611 57.8268
66 66.9054 66.4821
73 72.4088 71.7898
68 72.1197 71.7492
71 72.8341 72.7247
70 73.9541 73.9371
70 74.2741 74.1599
72 74.5435 74.5712
68 75.2677 75.3883
74 77.7668 77.8216
73 83.4894 83.5049
79 94.137 94.3704
84 100.931 101.118
93 106.515 106.901
109 109.248 109.617
116 115.015 114.972
120 119.137 118.822
118.5 123.894 123.476
117 125.306 124.699
120 124.988 124.358
117 124.804 123.961
114 118.488 117.094
48 82.1071 80.6812
22 39.1354 39.1429
27 19.7687 20.4483
18 21.6116 22.0643
40 27.5134 27.5324
28 29.3755 29.4652
29 24.1942 24.3485
28 22.9507 23.2067
20 22.8356 22.94
21 21.806 21.8041
16 19.5599 19.5767
19 18.6602 18.716
18 17.9901 18.0686
20 19.8323 19.8714
24 21.5773 21.6522
22 24.1229 24.0831
20 22.584 22.5858
16 21.2142 21.2298
18 18.6901 18.7402
16 18.2435 18.3055
18 16.8872 16.9585
19 18.3805 18.421
18 15.9525 15.9857
13 15.1763 15.142
16 14.7222 14.7452
17 17.1683 17.1823
13 17.1006 17.0811
10 16.5209 16.5379
18 17.2004 17.1755
18 17.1227 17.2043
20 15.7426 15.9365
18 18.4821 18.5539
17 18.4137 18.3979
19 18.8064 18.7911
18 22.0457 22.0121
67 59.2054 59.1536
70 60.2066 60.0492
73 61.9821 61.6952
71 62.2425 61.8746
56 64.4055 64.0579
68 63.3882 62.8765
71.5 64.6568 64.1368
75 67.197 66.616
84 63.6309 63.5769
73 63.0165 62.9541
56 57.7651 57.7841
70 49.9501 49.8703
66 48.3578 48.0209
55 47.2767 46.5972
62 44.9167 44.4001
50 43.5791 43.2401
43 45.8384 45.6007
37 46.3496 46.1507
41 50.4998 50.4025
35 50.6506 50.5738
38.6666666666667 52.5177 52.5659
42.3333333333333 56.6443 56.7163
46 57.7124 57.9461
49 59.6648 59.8668
52 61.4668 61.5322
57 69.296 69.3313
50 67.7724 67.6088
76 72.1288 71.8222
83 73.1432 72.8265
82 75.6396 75.2121
87 77.4007 76.9461
96 80.7078 80.0411
116 93.3316 92.6244
128 105.323 104.658
125 115.83 115.117
138 126.298 125.476
146 130.208 129.503
135 135.187 134.786
154 144.89 144.591
158 143.53 143.418
149 144.505 144.64
134 146.444 147.078
134 193.988 195.721
364 239.266 236.954
160 125.562 124.484
102 98.7761 98.1733
100 93.0415 92.696
103 99.6713 99.1206
118 95.7048 95.6011
105 91.043 90.8976
70 63.1395 62.833
39 37.5819 37.2465
18 32.0782 31.5777
15 23.8099 23.5168
15 33.7098 33.1434
11 24.0114 23.6879
3 13.3869 13.2997
16 11.9241 11.8555
16 13.3494 13.3291
3 11.2212 11.108
26 12.6709 12.5319
14 13.9312 13.6199
11 16.7543 16.4019
17 23.5237 22.8648
5 23.7391 23.2326
31 22.9685 22.6028
14 24.7272 24.4004
23.5 29.3917 29.182
33 34.4489 34.4008
36.9545454545455 36.6656 36.603
40.9090909090909 38.8823 38.8052
44.8636363636364 41.0989 41.0074
48.8181818181818 43.3156 43.2096
52.7727272727273 45.5322 45.4118
56.7272727272727 47.7489 47.614
60.6818181818182 49.9656 49.8162
64.6363636363636 52.1822 52.0184
68.5909090909091 54.3989 54.2206
72.5454545454545 56.6155 56.4228
76.5 58.8322 58.625
80.4545454545455 61.0488 60.8272
84.4090909090909 63.2655 63.0294
88.3636363636364 66.4061 66.1788
92.3181818181818 69.7577 69.5618
96.2727272727273 75.0817 74.7718
100.227272727273 76.2047 75.929
104.181818181818 77.7788 77.5771
171 177.129 177.386
176 180.874 181.002
182 195.662 196.587
185 192.684 197.535
161 182.287 189.488
158 176.945 185.727
160 179.195 188.079
180 183.687 191.586
189 190.538 198.246
185 198.255 204.201
180 191.509 201.432
170 183.01 195.907
154 175.696 189.448
157 169.833 181.49
176 178.805 184.965
179 188.263 191.034
165 180.163 186.658
151 164.192 177.098
149 166.961 178.82
159 174.252 183.24
162 176.234 185.637
161 171.062 181.523
161 170.007 178.718
148 156.718 164.775
144 151.716 156.486
155 142.575 152.831
132 123.125 133.712
110 113.207 121.472
99.8 106.193 114.66
89.6 98.8718 107.659
79.4 92.1642 101.036
69.2 85.2726 94.2991
59 78.8103 87.8275
59 77.0434 85.6496
62.5 76.5259 85.5404
66 76.6215 85.8097
68 80.8376 89.0828
70 82.984 91.4756
74 83.3153 91.3308
81 86.3961 92.5887
87 89.6164 92.7908
89 88.0771 88.9531
66 75.4551 78.5629
64 66.6511 71.7366
65 67.9839 70.1359
68 76.9127 76.4232
62 67.841 69.1643
31 42.3006 47.3815
31 35.8604 41.8171
26 37.3563 42.1383
28 36.6581 39.6557
34.5 37.3341 39.9478
41 37.7198 39.6474
36 36.51 38.3745
42 36.0085 38.5986
40 37.6451 41.8276
43 40.5331 43.3013
38 46.3996 50.1337
49 50.481 51.8505
46 46.642 49.0418
42 44.4441 47.4504
40 42.2812 44.7991
45 42.8559 44.5975
42 43.133 45.1237
43 44.3533 46.7124
40 47.2102 48.5102
41 49.2914 49.2129
51 46.7706 47.7178
55 56.5222 54.2053
51 54.1276 51.3004
49 48.8775 46.7643
43 40.8479 37.9679
34 35.6507 33.172
25 28.8347 29.1167
27 27.181 26.9651
32 29.4409 29.1582
34 33.0181 32.8234
36 35.9542 35.5435
25 36.466 35.4388
17 25.6544 25.9282
17 16.6636 18.3233
13 14.4782 16.7013
12 9.70362 14.1017
11 9.30329 13.56
10 7.16288 12.4156
13 5.7234 10.6991
19 5.98763 10.5942
19 7.5921 11.0235
23 9.05874 12.464
18 6.56977 10.7604
23 10.1241 12.3755
23 10.9596 14.1844
27 11.701 15.0961
24 14.4353 17.1616
26.8 15.1616 17.507
29.6 19.6466 20.829
32.4 24.1317 24.1511
35.2 28.6167 27.4731
38 33.1017 30.7952
45 36.2447 33.8176
45 37.4708 37.7433
45 43.9055 44.7462
60 55.5716 54.1729
76 70.9375 66.9185
71 70.2208 69.6306
54 63.1316 65.7834
40 47.5022 54.2879
31 41.3955 48.9226
34 40.9071 45.6119
34 38.6885 41.6003
36 41.7576 42.8678
38 40.8514 43.4857
35 41.405 44.7086
37 42.1453 44.7425
35 44.8107 47.1731
36 44.4783 47.4439
45 50.4449 53.0219
56 56.829 58.34
72 69.7928 66.7298
78 76.6066 72.1296
77 74.6749 71.9723
74 74.2478 73.4109
70 75.0023 74.8265
74 76.2402 75.3763
69 75.3235 75.4771
71 75.4255 76.2402
83 78.3546 78.702
85 84.2691 84.3406
90 93.7822 95.4069
91 100.17 101.465
104 104.84 107.546
105 107.49 110.082
115 115.867 115.511
126 121.479 119.178
124 126.871 123.847
116 129.15 124.744
117 127.857 123.3
127 128.59 122.51
143 124.485 114.5
118 86.4539 76.1441
30 35.191 35.1641
20 12.7707 17.6126
25 18.1332 21.3702
27 27.9167 28.0414
23 29.4205 30.0679
19 23.3172 24.4146
25 21.5479 23.3825
23 22.576 23.3085
25 22.2263 22.2074
18 19.4732 19.5813
20 18.5587 18.9522
14 17.7601 18.3184
18 20.0733 20.3453
22 21.6256 22.1444
21 24.9372 24.6437
24 22.9152 22.9148
16 21.3494 21.448
18 18.5613 18.9101
17 18.1592 18.5958
21 16.6762 17.1746
18 18.5418 18.8202
17 15.876 16.1088
17 15.5135 15.2656
13 14.7697 14.9159
14 17.3275 17.4174
19 17.4537 17.3013
18 16.6144 16.7328
22 17.671 17.47
12 17.0451 17.6206
16 14.7613 16.1462
19 18.3452 18.8456
20 18.7471 18.6194
20 18.936 18.8248
21 22.6714 22.4317
30 24.2826 22.3509
33 28.2392 27.1416
34 31.9917 30.9583
33 34.1106 32.8425
40 37.9296 36.8544
41 39.5121 37.579
43 40.2045 36.7632
47 40.2587 36.1867
39 37.9124 32.3044
12 12.8315 13.8469
8 6.66806 10.0083
12 7.28819 10.6341
10 6.18758 10.8375
12 7.25646 12.5987
12 12.5429 16.5349
10.5 13.8565 15.9222
9 10.1359 11.123
7.5 11.7663 11.8693
6 9.62707 9.43939
14 12.9299 12.7422
14 15.137 15.5501
12 17.535 16.4402
18 18.4888 18.7157
23 21.7973 20.3286
26 22.5496 22.471
25 26.5259 26.6314
36 32.8961 33.5587
50 48.5359 46.977
61 56.652 53.5491
64 59.8594 55.9875
70 65.199 59.8377
71 66.0889 61.101
74 68.1771 62.3909
77 74.5642 67.2539
77 80.0048 71.7942
73 82.216 72.4992
84 79.9575 72.1009
95 79.7351 74.426
95 87.7561 82.6604
104 99.0156 93.5079
100 114.045 107.297
102 102.797 104.193
87 87.5333 94.4793
72 83.2209 93.6463
85.5 92.0119 95.9769
99 94.5886 96.5966
107 101.823 103.863
110.388888888889 105.208 107.616
113.777777777778 108.593 111.369
117.166666666667 111.977 115.122
120.555555555556 115.362 118.875
123.944444444444 118.746 122.628
127.333333333333 122.131 126.381
130.722222222222 125.515 130.134
134.111111111111 128.9 133.887
137.5 132.284 137.64
140.888888888889 135.669 141.393
144.277777777778 139.053 145.146
147.666666666667 142.438 148.899
151.055555555556 145.823 152.652
154.444444444444 149.207 156.405
157.833333333333 152.592 160.158
161.222222222222 155.976 163.911
164.611111111111 159.361 167.664
168 162.745 171.417
165 172.031 179.218
173 182.088 183.332
184.5 188.948 187.634
196 180.55 177.477
184 187.693 182.086
164 165.259 162.297
116 128.593 132.017
117 140.397 137.006
177 176.924 162.74
231 200.977 183.846
240 219.236 202.025
237 222.176 204.81
234 224.431 206.544
242 223.967 203.128
212 223.463 203.213
201 218.266 199.762
234 212.183 196.851
229 212.602 197.38
216 207.987 190.773
206 203.989 186.805
198 201.437 184.751
218 196.265 181.047
219 195.5 183.352
222.5 202.699 191.03
226 213.529 202.774
205 200.778 192.04
174 166.408 159.374
143 138.658 136.066
112 121.031 122.145
122 114.572 115.841
122.7 115.956 117.755
123.4 117.341 119.669
124.1 118.725 121.583
124.8 120.11 123.497
125.5 121.494 125.411
126.2 122.879 127.325
126.9 124.263 129.238
127.6 125.648 131.152
128.3 127.032 133.066
129 128.417 134.98
129.7 129.801 136.894
130.4 131.186 138.808
131.1 132.57 140.722
131.8 133.955 142.636
132.5 135.339 144.55
133.2 136.724 146.464
133.9 138.108 148.378
134.6 139.492 150.292
135.3 140.877 152.206
136 142.261 154.12
128 135.233 140.251
127 120.302 126.374
104 100.051 110.303
99 92.5567 96.8741
94 84.9069 84.7675
87 78.6709 73.6796
122 103.836 87.5957
133 114.492 96.9599
133 100.886 88.0761
80 64.7702 56.1759
27 17.743 18.8994
13 15.5786 15.9584
12.5 16.106 17.911
12 16.0403 18.2906
17 17.8234 18.1285
13 13.7774 14.0944
11 10.7679 11.722
7 11.0761 12.3853
9 11.9914 12.879
14 10.8922 12.7809
8 10.4082 11.6805
12 10.6122 11.8198
12.5 12.0343 12.9415
13 12.2971 12.0954
15 13.4094 13.4333
14 15.5099 15.7641
14 17.4484 17.1151
18 17.5259 17.2442
11 14.3565 14.583
14 14.0737 14.3132
14 13.6574 13.7575
15 12.4733 12.4914
12 11.0585 11.3693
9 10.9802 11.0667
12 12.0129 12.0761
11 11.0606 11.5771
11 11.3103 11.6134
13 11.3463 11.5115
12 15.8587 15.8788
11 14.6368 14.89
14 14.1899 14.5114
14 15.0748 15.2499
17 16.9647 16.9765
20 20.8232 20.0673
17 23.5391 22.8533
21 24.055 23.9872
20 27.8003 26.7462
28 28.779 28.7361
29.5 34.8601 33.4752
31 38.9287 36.5597
28 30.7767 30.3993
31.5 32.3035 32.0628
35 33.8303 33.7264
40 35.6986 36.5502
38 39.9047 39.9829
40 45.2036 45.7256
47 52.7107 51.8374
51 55.717 56.1123
56 57.9142 57.8467
129.52380952381 71.3691 76.212
127.142857142857 75.9066 80.8831
124.761904761905 85.9622 90.5306
122.380952380952 101.741 100.808
120 109.516 108.776
116 117.632 110.865
94 103.464 95.9912
62 75.563 71.1521
36 54.6268 53.2337
26 48.7763 47.5735
37.5 48.0186 47.1646
49 63.7529 54.4511
15 30.8611 27.0311
27.5 24.1207 21.6507
40 23.7692 21.9488
22 21.4743 19.616
12 29.0738 26.5376
12 32.1306 27.8869
20 29.7965 26.5534
20 32.2593 28.1827
34 48.992 40.6975
52 51.7339 41.7683
60 54.3638 44.4289
56 54.6603 44.0045
63 54.8144 43.8172
61 60.0565 47.2851
61 75.746 63.4193
63 65.8821 54.0475
91 59.9556 54.4953
36 48.5405 44.5743
29 44.6091 44.9365
32.5 41.9018 42.6177
36 42.3008 42.2201
40 44.1645 42.9089
44 46.0122 44.4471
115.5 52.423 50.5099
187 57.1617 54.9348
52 59.6214 57.6582
43 52.9278 52.5858
42 54.9103 57.2729
42 51.3614 51.3541
44 53.7135 54.5624
50 53.6965 52.9273
50 56.1831 55.1108
57 59.8475 57.529
64 64.5597 60.7868
66 66.8174 64.4967
61 67.5924 65.3517
74 69.0341 66.1054
74 70.3659 67.1284
91 82.7278 82.1721
99 89.7795 86.8874
88 92.4323 90.1932
84 87.4553 84.9018
81 86.5169 83.3593
80 92.4307 91.5263
64 90.967 88.1067
48 74.8184 70.2424
32 58.0543 53.8779
16 39.8665 38.6336
20 35.6186 33.0259
16 33.5758 32.4471
13 28.3144 28.5221
18 31.8175 29.6911
16 24.7378 26.8076
20 30.8907 32.4655
20 45.1917 42.5729
53 59.5245 53.3889
86 67.9381 60.2101
85 60.6892 55.147
79 55.391 48.815
67 56.2781 52.0094
81 56.099 48.6515
78 61.8465 53.1817
63 70.0198 60.0217
51 63.764 60.4158
109 60.6189 58.5762
48 58.0442 54.2581
35 52.3581 51.5077
38 55.0354 55.2629
101 51.6861 53.2812
95.8 55.4244 55.3436
90.6 53.5575 54.8148
85.4 52.2478 55.4373
80.2 58.852 59.6327
75 60.737 61.053
85 58.6207 62.5662
